DDODESC,DM.MAJ.SM.MIN.SMN.BUD.VC.PN.SOE,VoucherBillNO,BILLS,GROSS,AGDED,BTDED,NETPAYMENT
HMR00-501-DEPUTY COMMISSIONER HAMIRPUR,Total, ,490,50821961,0,628308,50193653
HMR00-501-DEPUTY COMMISSIONER HAMIRPUR,01-2011-02-101-05-S00N-V-N-20-OTHER CHARGES,"[TRVch# 1 Dt:03/07/2017] , Billno-HMR005012017000001",1,1000000,0,0,1000000
HMR00-501-DEPUTY COMMISSIONER HAMIRPUR,01-2011-02-101-05-S00N-V-N-20-OTHER CHARGES,"[TRVch# 1 Dt:19/08/2017] , Billno-HMR005012017000004",1,1000000,0,0,1000000
HMR00-501-DEPUTY COMMISSIONER HAMIRPUR,01-2011-02-101-05-S00N-V-N-20-OTHER CHARGES,"[TRVch# 1 Dt:22/06/2018] , Billno-HMR005012018000001",1,1750000,0,0,1750000
HMR00-501-DEPUTY COMMISSIONER HAMIRPUR,01-2011-02-101-05-S00N-V-N-20-OTHER CHARGES,"[TRVch# 1 Dt:23/03/2018] , Billno-HMR005012017000012",1,375000,0,0,375000
HMR00-501-DEPUTY COMMISSIONER HAMIRPUR,02-2013-00-105-01-S00N-V-N-20-OTHER CHARGES,"[TRVch# 1 Dt:03/10/2017] , Billno-HMR005012017000009",1,5000,0,0,5000
HMR00-501-DEPUTY COMMISSIONER HAMIRPUR,02-2013-00-105-01-S00N-V-N-20-OTHER CHARGES,"[TRVch# 1 Dt:14/09/2017] , Billno-HMR005012017000005",1,340000,0,0,340000
HMR00-501-DEPUTY COMMISSIONER HAMIRPUR,02-2013-00-105-01-S00N-V-N-20-OTHER CHARGES,"[TRVch# 1 Dt:16/08/2017] , Billno-HMR005012017000003",1,480000,0,0,480000
HMR00-501-DEPUTY COMMISSIONER HAMIRPUR,02-2013-00-105-01-S00N-V-N-20-OTHER CHARGES,"[TRVch# 1 Dt:22/06/2018] , Billno-HMR005012018000002",1,21000,0,0,21000
HMR00-501-DEPUTY COMMISSIONER HAMIRPUR,02-2013-00-105-01-S00N-V-N-20-OTHER CHARGES,"[TRVch# 1 Dt:23/07/2018] , Billno-HMR005012018000003",1,21000,0,0,21000
HMR00-501-DEPUTY COMMISSIONER HAMIRPUR,02-2013-00-105-01-S00N-V-N-20-OTHER CHARGES,"[TRVch# 1 Dt:27/03/2018] , Billno-HMR005012017000013",1,11000,0,0,11000
HMR00-501-DEPUTY COMMISSIONER HAMIRPUR,02-2013-00-105-01-S00N-V-N-20-OTHER CHARGES,"[TRVch# 2 Dt:03/10/2017] , Billno-HMR005012017000010",1,40000,0,0,40000
HMR00-501-DEPUTY COMMISSIONER HAMIRPUR,02-2013-00-105-01-S00N-V-N-20-OTHER CHARGES,"[TRVch# 2 Dt:14/09/2017] , Billno-HMR005012017000006",1,10000,0,0,10000
HMR00-501-DEPUTY COMMISSIONER HAMIRPUR,02-2013-00-105-01-S00N-V-N-20-OTHER CHARGES,"[TRVch# 3 Dt:13/10/2017] , Billno-HMR005012017000011",1,40000,0,0,40000
HMR00-501-DEPUTY COMMISSIONER HAMIRPUR,02-2013-00-105-01-S00N-V-N-20-OTHER CHARGES,"[TRVch# 3 Dt:14/09/2017] , Billno-HMR005012017000007",1,155000,0,0,155000
HMR00-501-DEPUTY COMMISSIONER HAMIRPUR,02-2013-00-105-01-S00N-V-N-20-OTHER CHARGES,"[TRVch# 4 Dt:21/09/2017] , Billno-HMR005012017000008",1,7000,0,0,7000
HMR00-501-DEPUTY COMMISSIONER HAMIRPUR,05-2030-01-101-01-S00N-V-N-20-OTHER CHARGES,"[TRVch# 1 Dt:01/03/2018] , Billno-HMR005011732030001",1,400,0,400,0
HMR00-501-DEPUTY COMMISSIONER HAMIRPUR,05-2030-01-101-01-S00N-V-N-20-OTHER CHARGES,"[TRVch# 1 Dt:01/07/2017] , Billno-HMR005011772030001",1,100,0,100,0
HMR00-501-DEPUTY COMMISSIONER HAMIRPUR,05-2030-01-101-01-S00N-V-N-20-OTHER CHARGES,"[TRVch# 1 Dt:01/08/2018] , Billno-HMR005011882030001",1,1400,0,1400,0
HMR00-501-DEPUTY COMMISSIONER HAMIRPUR,05-2030-01-101-01-S00N-V-N-20-OTHER CHARGES,"[TRVch# 1 Dt:01/12/2017] , Billno-HMR0050117B2030001",1,600,0,600,0
HMR00-501-DEPUTY COMMISSIONER HAMIRPUR,05-2030-01-101-01-S00N-V-N-20-OTHER CHARGES,"[TRVch# 10 Dt:08/08/2018] , Billno-HMR005011882030010",1,200,0,200,0
HMR00-501-DEPUTY COMMISSIONER HAMIRPUR,05-2030-01-101-01-S00N-V-N-20-OTHER CHARGES,"[TRVch# 10 Dt:11/04/2017] , Billno-HMR005011742030010",1,400,0,400,0
HMR00-501-DEPUTY COMMISSIONER HAMIRPUR,05-2030-01-101-01-S00N-V-N-20-OTHER CHARGES,"[TRVch# 108 Dt:28/03/2018] , Billno-HMR005011732030108",1,400,0,400,0
HMR00-501-DEPUTY COMMISSIONER HAMIRPUR,05-2030-01-101-01-S00N-V-N-20-OTHER CHARGES,"[TRVch# 11 Dt:04/01/2018] , Billno-HMR005011712030011",1,180,0,180,0
HMR00-501-DEPUTY COMMISSIONER HAMIRPUR,05-2030-01-101-01-S00N-V-N-20-OTHER CHARGES,"[TRVch# 11 Dt:05/05/2017] , Billno-HMR005011752030011",1,100,0,100,0
HMR00-501-DEPUTY COMMISSIONER HAMIRPUR,05-2030-01-101-01-S00N-V-N-20-OTHER CHARGES,"[TRVch# 11 Dt:07/05/2018] , Billno-HMR005011852030011",1,100,0,100,0
HMR00-501-DEPUTY COMMISSIONER HAMIRPUR,05-2030-01-101-01-S00N-V-N-20-OTHER CHARGES,"[TRVch# 12 Dt:03/11/2017] , Billno-HMR0050117A2030012",1,100,0,100,0
HMR00-501-DEPUTY COMMISSIONER HAMIRPUR,05-2030-01-101-01-S00N-V-N-20-OTHER CHARGES,"[TRVch# 12 Dt:06/07/2017] , Billno-HMR005011772030012",1,192,0,192,0
HMR00-501-DEPUTY COMMISSIONER HAMIRPUR,05-2030-01-101-01-S00N-V-N-20-OTHER CHARGES,"[TRVch# 12 Dt:11/04/2018] , Billno-HMR005011842030012",1,100,0,100,0
HMR00-501-DEPUTY COMMISSIONER HAMIRPUR,05-2030-01-101-01-S00N-V-N-20-OTHER CHARGES,"[TRVch# 13 Dt:06/01/2018] , Billno-HMR005011712030013",1,600,0,600,0
HMR00-501-DEPUTY COMMISSIONER HAMIRPUR,05-2030-01-101-01-S00N-V-N-20-OTHER CHARGES,"[TRVch# 13 Dt:08/06/2018] , Billno-HMR005011862030013",1,100,0,100,0
HMR00-501-DEPUTY COMMISSIONER HAMIRPUR,05-2030-01-101-01-S00N-V-N-20-OTHER CHARGES,"[TRVch# 14 Dt:04/10/2017] , Billno-HMR005011702030014",1,400,0,400,0
HMR00-501-DEPUTY COMMISSIONER HAMIRPUR,05-2030-01-101-01-S00N-V-N-20-OTHER CHARGES,"[TRVch# 14 Dt:11/04/2018] , Billno-HMR005011842030014",1,500,0,500,0
HMR00-501-DEPUTY COMMISSIONER HAMIRPUR,05-2030-01-101-01-S00N-V-N-20-OTHER CHARGES,"[TRVch# 15 Dt:06/07/2018] , Billno-HMR005011872030015",1,200,0,200,0
HMR00-501-DEPUTY COMMISSIONER HAMIRPUR,05-2030-01-101-01-S00N-V-N-20-OTHER CHARGES,"[TRVch# 15 Dt:12/03/2018] , Billno-HMR005011732030015",1,440,0,440,0
HMR00-501-DEPUTY COMMISSIONER HAMIRPUR,05-2030-01-101-01-S00N-V-N-20-OTHER CHARGES,"[TRVch# 15 Dt:20/04/2017] , Billno-HMR005011742030015",1,100,0,100,0
HMR00-501-DEPUTY COMMISSIONER HAMIRPUR,05-2030-01-101-01-S00N-V-N-20-OTHER CHARGES,"[TRVch# 16 Dt:07/07/2017] , Billno-HMR005011772030016",1,200,0,200,0
HMR00-501-DEPUTY COMMISSIONER HAMIRPUR,05-2030-01-101-01-S00N-V-N-20-OTHER CHARGES,"[TRVch# 16 Dt:08/06/2018] , Billno-HMR005011862030016",1,200,0,200,0
HMR00-501-DEPUTY COMMISSIONER HAMIRPUR,05-2030-01-101-01-S00N-V-N-20-OTHER CHARGES,"[TRVch# 16 Dt:10/10/2017] , Billno-HMR005011702030016",1,300,0,300,0
HMR00-501-DEPUTY COMMISSIONER HAMIRPUR,05-2030-01-101-01-S00N-V-N-20-OTHER CHARGES,"[TRVch# 16 Dt:13/04/2018] , Billno-HMR005011842030016",1,1200,0,1200,0
HMR00-501-DEPUTY COMMISSIONER HAMIRPUR,05-2030-01-101-01-S00N-V-N-20-OTHER CHARGES,"[TRVch# 17 Dt:09/07/2018] , Billno-HMR005011872030017",1,60,0,60,0
HMR00-501-DEPUTY COMMISSIONER HAMIRPUR,05-2030-01-101-01-S00N-V-N-20-OTHER CHARGES,"[TRVch# 17 Dt:11/12/2017] , Billno-HMR0050117B2030017",1,600,0,600,0
HMR00-501-DEPUTY COMMISSIONER HAMIRPUR,05-2030-01-101-01-S00N-V-N-20-OTHER CHARGES,"[TRVch# 17 Dt:20/04/2017] , Billno-HMR005011742030017",1,400,0,400,0
HMR00-501-DEPUTY COMMISSIONER HAMIRPUR,05-2030-01-101-01-S00N-V-N-20-OTHER CHARGES,"[TRVch# 18 Dt:05/03/2018] , Billno-HMR005011732030018",1,400,0,400,0
HMR00-501-DEPUTY COMMISSIONER HAMIRPUR,05-2030-01-101-01-S00N-V-N-20-OTHER CHARGES,"[TRVch# 18 Dt:13/12/2017] , Billno-HMR0050117B2030018",1,300,0,300,0
HMR00-501-DEPUTY COMMISSIONER HAMIRPUR,05-2030-01-101-01-S00N-V-N-20-OTHER CHARGES,"[TRVch# 19 Dt:08/05/2018] , Billno-HMR005011852030019",1,240,0,240,0
HMR00-501-DEPUTY COMMISSIONER HAMIRPUR,05-2030-01-101-01-S00N-V-N-20-OTHER CHARGES,"[TRVch# 19 Dt:10/07/2017] , Billno-HMR005011772030019",1,200,0,200,0
HMR00-501-DEPUTY COMMISSIONER HAMIRPUR,05-2030-01-101-01-S00N-V-N-20-OTHER CHARGES,"[TRVch# 19 Dt:12/10/2017] , Billno-HMR005011702030019",1,100,0,100,0
HMR00-501-DEPUTY COMMISSIONER HAMIRPUR,05-2030-01-101-01-S00N-V-N-20-OTHER CHARGES,"[TRVch# 19 Dt:13/06/2017] , Billno-HMR005011762030019",1,5000,0,5000,0
HMR00-501-DEPUTY COMMISSIONER HAMIRPUR,05-2030-01-101-01-S00N-V-N-20-OTHER CHARGES,"[TRVch# 19 Dt:13/06/2018] , Billno-HMR005011862030019",1,800,0,800,0
HMR00-501-DEPUTY COMMISSIONER HAMIRPUR,05-2030-01-101-01-S00N-V-N-20-OTHER CHARGES,"[TRVch# 19 Dt:17/04/2018] , Billno-HMR005011842030019",1,40,0,40,0
HMR00-501-DEPUTY COMMISSIONER HAMIRPUR,05-2030-01-101-01-S00N-V-N-20-OTHER CHARGES,"[TRVch# 2 Dt:01/08/2017] , Billno-HMR005011782030002",1,240,0,240,0
HMR00-501-DEPUTY COMMISSIONER HAMIRPUR,05-2030-01-101-01-S00N-V-N-20-OTHER CHARGES,"[TRVch# 2 Dt:02/05/2018] , Billno-HMR005011852030002",1,500,0,500,0
HMR00-501-DEPUTY COMMISSIONER HAMIRPUR,05-2030-01-101-01-S00N-V-N-20-OTHER CHARGES,"[TRVch# 2 Dt:03/02/2018] , Billno-HMR005011722030002",1,800,0,800,0
HMR00-501-DEPUTY COMMISSIONER HAMIRPUR,05-2030-01-101-01-S00N-V-N-20-OTHER CHARGES,"[TRVch# 2 Dt:03/04/2018] , Billno-HMR005011842030002",1,400,0,400,0
HMR00-501-DEPUTY COMMISSIONER HAMIRPUR,05-2030-01-101-01-S00N-V-N-20-OTHER CHARGES,"[TRVch# 2 Dt:06/12/2017] , Billno-HMR0050117B2030002",1,1252,0,1252,0
HMR00-501-DEPUTY COMMISSIONER HAMIRPUR,05-2030-01-101-01-S00N-V-N-20-OTHER CHARGES,"[TRVch# 20 Dt:13/03/2018] , Billno-HMR005011732030020",1,400,0,400,0
HMR00-501-DEPUTY COMMISSIONER HAMIRPUR,05-2030-01-101-01-S00N-V-N-20-OTHER CHARGES,"[TRVch# 20 Dt:13/06/2017] , Billno-HMR005011762030020",1,200,0,200,0
HMR00-501-DEPUTY COMMISSIONER HAMIRPUR,05-2030-01-101-01-S00N-V-N-20-OTHER CHARGES,"[TRVch# 20 Dt:17/04/2018] , Billno-HMR005011842030020",1,200,0,200,0
HMR00-501-DEPUTY COMMISSIONER HAMIRPUR,05-2030-01-101-01-S00N-V-N-20-OTHER CHARGES,"[TRVch# 20 Dt:17/07/2018] , Billno-HMR005011872030020",1,1200,0,1200,0
HMR00-501-DEPUTY COMMISSIONER HAMIRPUR,05-2030-01-101-01-S00N-V-N-20-OTHER CHARGES,"[TRVch# 20 Dt:18/06/2018] , Billno-HMR005011862030020",1,200,0,200,0
HMR00-501-DEPUTY COMMISSIONER HAMIRPUR,05-2030-01-101-01-S00N-V-N-20-OTHER CHARGES,"[TRVch# 21 Dt:09/05/2018] , Billno-HMR005011852030021",1,460,0,460,0
HMR00-501-DEPUTY COMMISSIONER HAMIRPUR,05-2030-01-101-01-S00N-V-N-20-OTHER CHARGES,"[TRVch# 21 Dt:12/07/2017] , Billno-HMR005011772030021",1,100,0,100,0
HMR00-501-DEPUTY COMMISSIONER HAMIRPUR,05-2030-01-101-01-S00N-V-N-20-OTHER CHARGES,"[TRVch# 21 Dt:19/04/2018] , Billno-HMR005011842030021",1,400,0,400,0
HMR00-501-DEPUTY COMMISSIONER HAMIRPUR,05-2030-01-101-01-S00N-V-N-20-OTHER CHARGES,"[TRVch# 22 Dt:15/06/2017] , Billno-HMR005011762030022",1,400,0,400,0
HMR00-501-DEPUTY COMMISSIONER HAMIRPUR,05-2030-01-101-01-S00N-V-N-20-OTHER CHARGES,"[TRVch# 22 Dt:15/12/2017] , Billno-HMR0050117B2030022",1,100,0,100,0
HMR00-501-DEPUTY COMMISSIONER HAMIRPUR,05-2030-01-101-01-S00N-V-N-20-OTHER CHARGES,"[TRVch# 23 Dt:11/05/2018] , Billno-HMR005011852030023",1,500,0,500,0
HMR00-501-DEPUTY COMMISSIONER HAMIRPUR,05-2030-01-101-01-S00N-V-N-20-OTHER CHARGES,"[TRVch# 23 Dt:16/03/2018] , Billno-HMR005011732030023",1,600,0,600,0
HMR00-501-DEPUTY COMMISSIONER HAMIRPUR,05-2030-01-101-01-S00N-V-N-20-OTHER CHARGES,"[TRVch# 23 Dt:22/09/2017] , Billno-HMR005011792030023",1,100,0,100,0
HMR00-501-DEPUTY COMMISSIONER HAMIRPUR,05-2030-01-101-01-S00N-V-N-20-OTHER CHARGES,"[TRVch# 24 Dt:13/02/2018] , Billno-HMR005011722030024",1,800,0,800,0
HMR00-501-DEPUTY COMMISSIONER HAMIRPUR,05-2030-01-101-01-S00N-V-N-20-OTHER CHARGES,"[TRVch# 24 Dt:16/06/2017] , Billno-HMR005011762030024",1,800,0,800,0
HMR00-501-DEPUTY COMMISSIONER HAMIRPUR,05-2030-01-101-01-S00N-V-N-20-OTHER CHARGES,"[TRVch# 24 Dt:16/12/2017] , Billno-HMR0050117B2030024",1,400,0,400,0
HMR00-501-DEPUTY COMMISSIONER HAMIRPUR,05-2030-01-101-01-S00N-V-N-20-OTHER CHARGES,"[TRVch# 24 Dt:18/10/2017] , Billno-HMR005011702030024",1,1000,0,1000,0
HMR00-501-DEPUTY COMMISSIONER HAMIRPUR,05-2030-01-101-01-S00N-V-N-20-OTHER CHARGES,"[TRVch# 26 Dt:15/07/2017] , Billno-HMR005011772030026",1,200,0,200,0
HMR00-501-DEPUTY COMMISSIONER HAMIRPUR,05-2030-01-101-01-S00N-V-N-20-OTHER CHARGES,"[TRVch# 26 Dt:18/01/2018] , Billno-HMR005011712030026",1,300,0,300,0
HMR00-501-DEPUTY COMMISSIONER HAMIRPUR,05-2030-01-101-01-S00N-V-N-20-OTHER CHARGES,"[TRVch# 27 Dt:16/05/2018] , Billno-HMR005011852030027",1,400,0,400,0
HMR00-501-DEPUTY COMMISSIONER HAMIRPUR,05-2030-01-101-01-S00N-V-N-20-OTHER CHARGES,"[TRVch# 27 Dt:19/12/2017] , Billno-HMR0050117B2030027",1,580,0,580,0
HMR00-501-DEPUTY COMMISSIONER HAMIRPUR,05-2030-01-101-01-S00N-V-N-20-OTHER CHARGES,"[TRVch# 28 Dt:12/01/2018] , Billno-HMR005011712030028",1,400,0,400,0
HMR00-501-DEPUTY COMMISSIONER HAMIRPUR,05-2030-01-101-01-S00N-V-N-20-OTHER CHARGES,"[TRVch# 28 Dt:20/02/2018] , Billno-HMR005011722030028",1,600,0,600,0
HMR00-501-DEPUTY COMMISSIONER HAMIRPUR,05-2030-01-101-01-S00N-V-N-20-OTHER CHARGES,"[TRVch# 29 Dt:12/05/2017] , Billno-HMR005011752030029",1,200,0,200,0
HMR00-501-DEPUTY COMMISSIONER HAMIRPUR,05-2030-01-101-01-S00N-V-N-20-OTHER CHARGES,"[TRVch# 29 Dt:18/07/2017] , Billno-HMR005011772030029",1,200,0,200,0
HMR00-501-DEPUTY COMMISSIONER HAMIRPUR,05-2030-01-101-01-S00N-V-N-20-OTHER CHARGES,"[TRVch# 3 Dt:04/08/2018] , Billno-HMR005011882030003",1,800,0,800,0
HMR00-501-DEPUTY COMMISSIONER HAMIRPUR,05-2030-01-101-01-S00N-V-N-20-OTHER CHARGES,"[TRVch# 3 Dt:05/06/2018] , Billno-HMR005011862030003",1,500,0,500,0
HMR00-501-DEPUTY COMMISSIONER HAMIRPUR,05-2030-01-101-01-S00N-V-N-20-OTHER CHARGES,"[TRVch# 3 Dt:07/06/2017] , Billno-HMR005011762030003",1,100,0,100,0
HMR00-501-DEPUTY COMMISSIONER HAMIRPUR,05-2030-01-101-01-S00N-V-N-20-OTHER CHARGES,"[TRVch# 30 Dt:09/08/2018] , Billno-HMR005011882030030",1,400,0,400,0
HMR00-501-DEPUTY COMMISSIONER HAMIRPUR,05-2030-01-101-01-S00N-V-N-20-OTHER CHARGES,"[TRVch# 30 Dt:16/05/2017] , Billno-HMR005011752030030",1,300,0,300,0
HMR00-501-DEPUTY COMMISSIONER HAMIRPUR,05-2030-01-101-01-S00N-V-N-20-OTHER CHARGES,"[TRVch# 30 Dt:19/01/2018] , Billno-HMR005011712030030",1,220,0,220,0
HMR00-501-DEPUTY COMMISSIONER HAMIRPUR,05-2030-01-101-01-S00N-V-N-20-OTHER CHARGES,"[TRVch# 30 Dt:19/07/2017] , Billno-HMR005011772030030",1,400,0,400,0
HMR00-501-DEPUTY COMMISSIONER HAMIRPUR,05-2030-01-101-01-S00N-V-N-20-OTHER CHARGES,"[TRVch# 32 Dt:10/08/2018] , Billno-HMR005011882030032",1,200,0,200,0
HMR00-501-DEPUTY COMMISSIONER HAMIRPUR,05-2030-01-101-01-S00N-V-N-20-OTHER CHARGES,"[TRVch# 32 Dt:14/11/2017] , Billno-HMR0050117A2030032",1,440,0,440,0
HMR00-501-DEPUTY COMMISSIONER HAMIRPUR,05-2030-01-101-01-S00N-V-N-20-OTHER CHARGES,"[TRVch# 34 Dt:14/08/2018] , Billno-HMR005011882030034",1,120,0,120,0
HMR00-501-DEPUTY COMMISSIONER HAMIRPUR,05-2030-01-101-01-S00N-V-N-20-OTHER CHARGES,"[TRVch# 35 Dt:18/05/2018] , Billno-HMR005011852030035",1,60,0,60,0
HMR00-501-DEPUTY COMMISSIONER HAMIRPUR,05-2030-01-101-01-S00N-V-N-20-OTHER CHARGES,"[TRVch# 35 Dt:19/03/2018] , Billno-HMR005011732030035",1,200,0,200,0
HMR00-501-DEPUTY COMMISSIONER HAMIRPUR,05-2030-01-101-01-S00N-V-N-20-OTHER CHARGES,"[TRVch# 36 Dt:20/03/2018] , Billno-HMR005011732030036",1,400,0,400,0
HMR00-501-DEPUTY COMMISSIONER HAMIRPUR,05-2030-01-101-01-S00N-V-N-20-OTHER CHARGES,"[TRVch# 37 Dt:19/05/2018] , Billno-HMR005011852030037",1,400,0,400,0
HMR00-501-DEPUTY COMMISSIONER HAMIRPUR,05-2030-01-101-01-S00N-V-N-20-OTHER CHARGES,"[TRVch# 37 Dt:20/11/2017] , Billno-HMR0050117A2030037",1,400,0,400,0
HMR00-501-DEPUTY COMMISSIONER HAMIRPUR,05-2030-01-101-01-S00N-V-N-20-OTHER CHARGES,"[TRVch# 38 Dt:21/03/2018] , Billno-HMR005011732030038",1,20,0,20,0
HMR00-501-DEPUTY COMMISSIONER HAMIRPUR,05-2030-01-101-01-S00N-V-N-20-OTHER CHARGES,"[TRVch# 38 Dt:21/04/2017] , Billno-HMR005011742030038",1,80,0,80,0
HMR00-501-DEPUTY COMMISSIONER HAMIRPUR,05-2030-01-101-01-S00N-V-N-20-OTHER CHARGES,"[TRVch# 39 Dt:20/05/2017] , Billno-HMR005011752030039",1,240,0,240,0
HMR00-501-DEPUTY COMMISSIONER HAMIRPUR,05-2030-01-101-01-S00N-V-N-20-OTHER CHARGES,"[TRVch# 39 Dt:20/08/2018] , Billno-HMR005011882030039",1,600,0,600,0
HMR00-501-DEPUTY COMMISSIONER HAMIRPUR,05-2030-01-101-01-S00N-V-N-20-OTHER CHARGES,"[TRVch# 39 Dt:21/11/2017] , Billno-HMR0050117A2030039",1,440,0,440,0
HMR00-501-DEPUTY COMMISSIONER HAMIRPUR,05-2030-01-101-01-S00N-V-N-20-OTHER CHARGES,"[TRVch# 4 Dt:01/01/2018] , Billno-HMR005011712030004",1,300,0,300,0
HMR00-501-DEPUTY COMMISSIONER HAMIRPUR,05-2030-01-101-01-S00N-V-N-20-OTHER CHARGES,"[TRVch# 4 Dt:02/05/2017] , Billno-HMR005011752030004",1,400,0,400,0
HMR00-501-DEPUTY COMMISSIONER HAMIRPUR,05-2030-01-101-01-S00N-V-N-20-OTHER CHARGES,"[TRVch# 4 Dt:05/02/2018] , Billno-HMR005011722030004",1,400,0,400,0
HMR00-501-DEPUTY COMMISSIONER HAMIRPUR,05-2030-01-101-01-S00N-V-N-20-OTHER CHARGES,"[TRVch# 4 Dt:08/09/2017] , Billno-HMR005011792030004",1,900,0,900,0
HMR00-501-DEPUTY COMMISSIONER HAMIRPUR,05-2030-01-101-01-S00N-V-N-20-OTHER CHARGES,"[TRVch# 41 Dt:28/11/2017] , Billno-HMR0050117A2030041",1,400,0,400,0
HMR00-501-DEPUTY COMMISSIONER HAMIRPUR,05-2030-01-101-01-S00N-V-N-20-OTHER CHARGES,"[TRVch# 43 Dt:18/04/2017] , Billno-HMR005011742030043",1,500,0,500,0
HMR00-501-DEPUTY COMMISSIONER HAMIRPUR,05-2030-01-101-01-S00N-V-N-20-OTHER CHARGES,"[TRVch# 43 Dt:28/11/2017] , Billno-HMR0050117A2030043",1,100,0,100,0
HMR00-501-DEPUTY COMMISSIONER HAMIRPUR,05-2030-01-101-01-S00N-V-N-20-OTHER CHARGES,"[TRVch# 45 Dt:27/04/2017] , Billno-HMR005011742030045",1,200,0,200,0
HMR00-501-DEPUTY COMMISSIONER HAMIRPUR,05-2030-01-101-01-S00N-V-N-20-OTHER CHARGES,"[TRVch# 49 Dt:23/01/2018] , Billno-HMR005011712030049",1,200,0,200,0
HMR00-501-DEPUTY COMMISSIONER HAMIRPUR,05-2030-01-101-01-S00N-V-N-20-OTHER CHARGES,"[TRVch# 5 Dt:04/08/2017] , Billno-HMR005011782030005",1,100,0,100,0
HMR00-501-DEPUTY COMMISSIONER HAMIRPUR,05-2030-01-101-01-S00N-V-N-20-OTHER CHARGES,"[TRVch# 5 Dt:08/09/2017] , Billno-HMR005011792030005",1,100,0,100,0
HMR00-501-DEPUTY COMMISSIONER HAMIRPUR,05-2030-01-101-01-S00N-V-N-20-OTHER CHARGES,"[TRVch# 51 Dt:24/01/2018] , Billno-HMR005011712030051",1,100,0,100,0
HMR00-501-DEPUTY COMMISSIONER HAMIRPUR,05-2030-01-101-01-S00N-V-N-20-OTHER CHARGES,"[TRVch# 52 Dt:29/01/2018] , Billno-HMR005011712030052",1,440,0,440,0
HMR00-501-DEPUTY COMMISSIONER HAMIRPUR,05-2030-01-101-01-S00N-V-N-20-OTHER CHARGES,"[TRVch# 53 Dt:21/08/2017] , Billno-HMR005011782030053",1,300,0,300,0
HMR00-501-DEPUTY COMMISSIONER HAMIRPUR,05-2030-01-101-01-S00N-V-N-20-OTHER CHARGES,"[TRVch# 54 Dt:23/08/2017] , Billno-HMR005011782030054",1,300,0,300,0
HMR00-501-DEPUTY COMMISSIONER HAMIRPUR,05-2030-01-101-01-S00N-V-N-20-OTHER CHARGES,"[TRVch# 54 Dt:24/04/2018] , Billno-HMR005011842030054",1,200,0,200,0
HMR00-501-DEPUTY COMMISSIONER HAMIRPUR,05-2030-01-101-01-S00N-V-N-20-OTHER CHARGES,"[TRVch# 56 Dt:30/01/2018] , Billno-HMR005011712030056",1,80,0,80,0
HMR00-501-DEPUTY COMMISSIONER HAMIRPUR,05-2030-01-101-01-S00N-V-N-20-OTHER CHARGES,"[TRVch# 57 Dt:22/06/2018] , Billno-HMR005011862030057",1,500,0,500,0
HMR00-501-DEPUTY COMMISSIONER HAMIRPUR,05-2030-01-101-01-S00N-V-N-20-OTHER CHARGES,"[TRVch# 57 Dt:23/08/2017] , Billno-HMR005011782030057",1,200,0,200,0
HMR00-501-DEPUTY COMMISSIONER HAMIRPUR,05-2030-01-101-01-S00N-V-N-20-OTHER CHARGES,"[TRVch# 58 Dt:23/06/2017] , Billno-HMR005011762030058",1,100,0,100,0
HMR00-501-DEPUTY COMMISSIONER HAMIRPUR,05-2030-01-101-01-S00N-V-N-20-OTHER CHARGES,"[TRVch# 58 Dt:26/04/2018] , Billno-HMR005011842030058",1,200,0,200,0
HMR00-501-DEPUTY COMMISSIONER HAMIRPUR,05-2030-01-101-01-S00N-V-N-20-OTHER CHARGES,"[TRVch# 59 Dt:23/08/2017] , Billno-HMR005011782030059",1,100,0,100,0
HMR00-501-DEPUTY COMMISSIONER HAMIRPUR,05-2030-01-101-01-S00N-V-N-20-OTHER CHARGES,"[TRVch# 59 Dt:25/05/2017] , Billno-HMR005011752030059",1,500,0,500,0
HMR00-501-DEPUTY COMMISSIONER HAMIRPUR,05-2030-01-101-01-S00N-V-N-20-OTHER CHARGES,"[TRVch# 6 Dt:02/01/2018] , Billno-HMR005011712030006",1,400,0,400,0
HMR00-501-DEPUTY COMMISSIONER HAMIRPUR,05-2030-01-101-01-S00N-V-N-20-OTHER CHARGES,"[TRVch# 6 Dt:05/05/2017] , Billno-HMR005011752030006",1,40,0,40,0
HMR00-501-DEPUTY COMMISSIONER HAMIRPUR,05-2030-01-101-01-S00N-V-N-20-OTHER CHARGES,"[TRVch# 60 Dt:22/12/2017] , Billno-HMR0050117B2030060",1,200,0,200,0
HMR00-501-DEPUTY COMMISSIONER HAMIRPUR,05-2030-01-101-01-S00N-V-N-20-OTHER CHARGES,"[TRVch# 60 Dt:23/06/2017] , Billno-HMR005011762030060",1,240,0,240,0
HMR00-501-DEPUTY COMMISSIONER HAMIRPUR,05-2030-01-101-01-S00N-V-N-20-OTHER CHARGES,"[TRVch# 60 Dt:26/06/2018] , Billno-HMR005011862030060",1,100,0,100,0
HMR00-501-DEPUTY COMMISSIONER HAMIRPUR,05-2030-01-101-01-S00N-V-N-20-OTHER CHARGES,"[TRVch# 61 Dt:27/06/2017] , Billno-HMR005011762030061",1,300,0,300,0
HMR00-501-DEPUTY COMMISSIONER HAMIRPUR,05-2030-01-101-01-S00N-V-N-20-OTHER CHARGES,"[TRVch# 61 Dt:30/06/2018] , Billno-HMR005011862030061",1,400,0,400,0
HMR00-501-DEPUTY COMMISSIONER HAMIRPUR,05-2030-01-101-01-S00N-V-N-20-OTHER CHARGES,"[TRVch# 62 Dt:19/08/2017] , Billno-HMR005011782030062",1,400,0,400,0
HMR00-501-DEPUTY COMMISSIONER HAMIRPUR,05-2030-01-101-01-S00N-V-N-20-OTHER CHARGES,"[TRVch# 62 Dt:26/05/2017] , Billno-HMR005011752030062",1,120,0,120,0
HMR00-501-DEPUTY COMMISSIONER HAMIRPUR,05-2030-01-101-01-S00N-V-N-20-OTHER CHARGES,"[TRVch# 63 Dt:16/08/2017] , Billno-HMR005011782030063",1,400,0,400,0
HMR00-501-DEPUTY COMMISSIONER HAMIRPUR,05-2030-01-101-01-S00N-V-N-20-OTHER CHARGES,"[TRVch# 64 Dt:26/05/2017] , Billno-HMR005011752030064",1,100,0,100,0
HMR00-501-DEPUTY COMMISSIONER HAMIRPUR,05-2030-01-101-01-S00N-V-N-20-OTHER CHARGES,"[TRVch# 65 Dt:24/08/2017] , Billno-HMR005011782030065",1,600,0,600,0
HMR00-501-DEPUTY COMMISSIONER HAMIRPUR,05-2030-01-101-01-S00N-V-N-20-OTHER CHARGES,"[TRVch# 65 Dt:27/12/2017] , Billno-HMR0050117B2030065",1,200,0,200,0
HMR00-501-DEPUTY COMMISSIONER HAMIRPUR,05-2030-01-101-01-S00N-V-N-20-OTHER CHARGES,"[TRVch# 66 Dt:23/02/2018] , Billno-HMR005011722030066",1,100,0,100,0
HMR00-501-DEPUTY COMMISSIONER HAMIRPUR,05-2030-01-101-01-S00N-V-N-20-OTHER CHARGES,"[TRVch# 66 Dt:25/07/2018] , Billno-HMR005011872030066",1,500,0,500,0
HMR00-501-DEPUTY COMMISSIONER HAMIRPUR,05-2030-01-101-01-S00N-V-N-20-OTHER CHARGES,"[TRVch# 67 Dt:24/10/2017] , Billno-HMR005011702030067",1,400,0,400,0
HMR00-501-DEPUTY COMMISSIONER HAMIRPUR,05-2030-01-101-01-S00N-V-N-20-OTHER CHARGES,"[TRVch# 67 Dt:28/12/2017] , Billno-HMR0050117B2030067",1,400,0,400,0
HMR00-501-DEPUTY COMMISSIONER HAMIRPUR,05-2030-01-101-01-S00N-V-N-20-OTHER CHARGES,"[TRVch# 68 Dt:27/07/2018] , Billno-HMR005011872030068",1,100,0,100,0
HMR00-501-DEPUTY COMMISSIONER HAMIRPUR,05-2030-01-101-01-S00N-V-N-20-OTHER CHARGES,"[TRVch# 68 Dt:28/08/2017] , Billno-HMR005011782030068",1,200,0,200,0
HMR00-501-DEPUTY COMMISSIONER HAMIRPUR,05-2030-01-101-01-S00N-V-N-20-OTHER CHARGES,"[TRVch# 69 Dt:26/02/2018] , Billno-HMR005011722030069",1,100,0,100,0
HMR00-501-DEPUTY COMMISSIONER HAMIRPUR,05-2030-01-101-01-S00N-V-N-20-OTHER CHARGES,"[TRVch# 69 Dt:27/10/2017] , Billno-HMR005011702030069",1,200,0,200,0
HMR00-501-DEPUTY COMMISSIONER HAMIRPUR,05-2030-01-101-01-S00N-V-N-20-OTHER CHARGES,"[TRVch# 7 Dt:05/04/2017] , Billno-HMR005011742030007",1,1000,0,1000,0
HMR00-501-DEPUTY COMMISSIONER HAMIRPUR,05-2030-01-101-01-S00N-V-N-20-OTHER CHARGES,"[TRVch# 7 Dt:08/08/2017] , Billno-HMR005011782030007",1,400,0,400,0
HMR00-501-DEPUTY COMMISSIONER HAMIRPUR,05-2030-01-101-01-S00N-V-N-20-OTHER CHARGES,"[TRVch# 70 Dt:24/08/2018] , Billno-HMR005011882030070",1,500,0,500,0
HMR00-501-DEPUTY COMMISSIONER HAMIRPUR,05-2030-01-101-01-S00N-V-N-20-OTHER CHARGES,"[TRVch# 70 Dt:29/08/2017] , Billno-HMR005011782030070",1,1000,0,1000,0
HMR00-501-DEPUTY COMMISSIONER HAMIRPUR,05-2030-01-101-01-S00N-V-N-20-OTHER CHARGES,"[TRVch# 70 Dt:29/12/2017] , Billno-HMR0050117B2030070",1,100,0,100,0
HMR00-501-DEPUTY COMMISSIONER HAMIRPUR,05-2030-01-101-01-S00N-V-N-20-OTHER CHARGES,"[TRVch# 70 Dt:30/07/2018] , Billno-HMR005011872030070",1,800,0,800,0
HMR00-501-DEPUTY COMMISSIONER HAMIRPUR,05-2030-01-101-01-S00N-V-N-20-OTHER CHARGES,"[TRVch# 71 Dt:27/10/2017] , Billno-HMR005011702030071",1,440,0,440,0
HMR00-501-DEPUTY COMMISSIONER HAMIRPUR,05-2030-01-101-01-S00N-V-N-20-OTHER CHARGES,"[TRVch# 71 Dt:31/07/2018] , Billno-HMR005011872030071",1,400,0,400,0
HMR00-501-DEPUTY COMMISSIONER HAMIRPUR,05-2030-01-101-01-S00N-V-N-20-OTHER CHARGES,"[TRVch# 73 Dt:27/08/2018] , Billno-HMR005011882030073",1,100,0,100,0
HMR00-501-DEPUTY COMMISSIONER HAMIRPUR,05-2030-01-101-01-S00N-V-N-20-OTHER CHARGES,"[TRVch# 75 Dt:22/03/2018] , Billno-HMR005011732030075",1,720,0,720,0
HMR00-501-DEPUTY COMMISSIONER HAMIRPUR,05-2030-01-101-01-S00N-V-N-20-OTHER CHARGES,"[TRVch# 76 Dt:26/09/2017] , Billno-HMR005011792030076",1,400,0,400,0
HMR00-501-DEPUTY COMMISSIONER HAMIRPUR,05-2030-01-101-01-S00N-V-N-20-OTHER CHARGES,"[TRVch# 77 Dt:22/03/2018] , Billno-HMR005011732030077",1,100,0,100,0
HMR00-501-DEPUTY COMMISSIONER HAMIRPUR,05-2030-01-101-01-S00N-V-N-20-OTHER CHARGES,"[TRVch# 79 Dt:21/07/2017] , Billno-HMR005011772030079",1,100,0,100,0
HMR00-501-DEPUTY COMMISSIONER HAMIRPUR,05-2030-01-101-01-S00N-V-N-20-OTHER CHARGES,"[TRVch# 8 Dt:01/11/2017] , Billno-HMR0050117A2030008",1,400,0,400,0
HMR00-501-DEPUTY COMMISSIONER HAMIRPUR,05-2030-01-101-01-S00N-V-N-20-OTHER CHARGES,"[TRVch# 8 Dt:08/08/2018] , Billno-HMR005011882030008",1,200,0,200,0
HMR00-501-DEPUTY COMMISSIONER HAMIRPUR,05-2030-01-101-01-S00N-V-N-20-OTHER CHARGES,"[TRVch# 80 Dt:23/05/2018] , Billno-HMR005011852030080",1,600,0,600,0
HMR00-501-DEPUTY COMMISSIONER HAMIRPUR,05-2030-01-101-01-S00N-V-N-20-OTHER CHARGES,"[TRVch# 80 Dt:24/07/2017] , Billno-HMR005011772030080",1,200,0,200,0
HMR00-501-DEPUTY COMMISSIONER HAMIRPUR,05-2030-01-101-01-S00N-V-N-20-OTHER CHARGES,"[TRVch# 80 Dt:26/03/2018] , Billno-HMR005011732030080",1,1200,0,1200,0
HMR00-501-DEPUTY COMMISSIONER HAMIRPUR,05-2030-01-101-01-S00N-V-N-20-OTHER CHARGES,"[TRVch# 83 Dt:25/07/2017] , Billno-HMR005011772030083",1,400,0,400,0
HMR00-501-DEPUTY COMMISSIONER HAMIRPUR,05-2030-01-101-01-S00N-V-N-20-OTHER CHARGES,"[TRVch# 85 Dt:28/05/2018] , Billno-HMR005011852030085",1,800,0,800,0
HMR00-501-DEPUTY COMMISSIONER HAMIRPUR,05-2030-01-101-01-S00N-V-N-20-OTHER CHARGES,"[TRVch# 85 Dt:28/07/2017] , Billno-HMR005011772030085",1,800,0,800,0
HMR00-501-DEPUTY COMMISSIONER HAMIRPUR,05-2030-01-101-01-S00N-V-N-20-OTHER CHARGES,"[TRVch# 87 Dt:28/07/2017] , Billno-HMR005011772030087",1,40,0,40,0
HMR00-501-DEPUTY COMMISSIONER HAMIRPUR,05-2030-01-101-01-S00N-V-N-20-OTHER CHARGES,"[TRVch# 9 Dt:01/11/2017] , Billno-HMR0050117A2030009",1,800,0,800,0
HMR00-501-DEPUTY COMMISSIONER HAMIRPUR,05-2030-01-101-01-S00N-V-N-20-OTHER CHARGES,"[TRVch# 9 Dt:05/05/2017] , Billno-HMR005011752030009",1,400,0,400,0
HMR00-501-DEPUTY COMMISSIONER HAMIRPUR,05-2030-01-101-01-S00N-V-N-20-OTHER CHARGES,"[TRVch# 9 Dt:09/02/2018] , Billno-HMR005011722030009",1,200,0,200,0
HMR00-501-DEPUTY COMMISSIONER HAMIRPUR,05-2030-01-101-01-S00N-V-N-25-REFUNDS,"[TRVch# 1 Dt:01/01/2018] , Billno-HMR005011712030001",1,2850,0,0,2850
HMR00-501-DEPUTY COMMISSIONER HAMIRPUR,05-2030-01-101-01-S00N-V-N-25-REFUNDS,"[TRVch# 1 Dt:01/08/2017] , Billno-HMR005011782030001",1,5610,0,0,5610
HMR00-501-DEPUTY COMMISSIONER HAMIRPUR,05-2030-01-101-01-S00N-V-N-25-REFUNDS,"[TRVch# 1 Dt:03/05/2017] , Billno-HMR005011752030001",1,29304,0,0,29304
HMR00-501-DEPUTY COMMISSIONER HAMIRPUR,05-2030-01-101-01-S00N-V-N-25-REFUNDS,"[TRVch# 1 Dt:03/11/2017] , Billno-HMR0050117A2030001",1,4710,0,0,4710
HMR00-501-DEPUTY COMMISSIONER HAMIRPUR,05-2030-01-101-01-S00N-V-N-25-REFUNDS,"[TRVch# 1 Dt:10/10/2017] , Billno-HMR005011702030001",1,5679,0,0,5679
HMR00-501-DEPUTY COMMISSIONER HAMIRPUR,05-2030-01-101-01-S00N-V-N-25-REFUNDS,"[TRVch# 16 Dt:12/09/2017] , Billno-HMR005011792030016",1,3060,0,0,3060
HMR00-501-DEPUTY COMMISSIONER HAMIRPUR,05-2030-01-101-01-S00N-V-N-25-REFUNDS,"[TRVch# 2 Dt:01/01/2018] , Billno-HMR005011712030002",1,3060,0,0,3060
HMR00-501-DEPUTY COMMISSIONER HAMIRPUR,05-2030-01-101-01-S00N-V-N-25-REFUNDS,"[TRVch# 2 Dt:03/11/2017] , Billno-HMR0050117A2030002",1,3110,0,0,3110
HMR00-501-DEPUTY COMMISSIONER HAMIRPUR,05-2030-01-101-01-S00N-V-N-25-REFUNDS,"[TRVch# 2 Dt:09/05/2017] , Billno-HMR005011752030002",1,3560,0,0,3560
HMR00-501-DEPUTY COMMISSIONER HAMIRPUR,05-2030-01-101-01-S00N-V-N-25-REFUNDS,"[TRVch# 25 Dt:16/03/2018] , Billno-HMR005011732030025",1,15010,0,0,15010
HMR00-501-DEPUTY COMMISSIONER HAMIRPUR,05-2030-01-101-01-S00N-V-N-25-REFUNDS,"[TRVch# 26 Dt:16/03/2018] , Billno-HMR005011732030026",1,5010,0,0,5010
HMR00-501-DEPUTY COMMISSIONER HAMIRPUR,05-2030-01-101-01-S00N-V-N-25-REFUNDS,"[TRVch# 27 Dt:16/03/2018] , Billno-HMR005011732030027",1,3760,0,0,3760
HMR00-501-DEPUTY COMMISSIONER HAMIRPUR,05-2030-01-101-01-S00N-V-N-25-REFUNDS,"[TRVch# 28 Dt:16/03/2018] , Billno-HMR005011732030028",1,2533,0,0,2533
HMR00-501-DEPUTY COMMISSIONER HAMIRPUR,05-2030-01-101-01-S00N-V-N-25-REFUNDS,"[TRVch# 29 Dt:17/05/2018] , Billno-HMR005011852030029",1,2207,0,0,2207
HMR00-501-DEPUTY COMMISSIONER HAMIRPUR,05-2030-01-101-01-S00N-V-N-25-REFUNDS,"[TRVch# 3 Dt:09/05/2017] , Billno-HMR005011752030003",1,6000,0,0,6000
HMR00-501-DEPUTY COMMISSIONER HAMIRPUR,05-2030-01-101-01-S00N-V-N-25-REFUNDS,"[TRVch# 30 Dt:17/05/2018] , Billno-HMR005011852030030",1,14410,0,0,14410
HMR00-501-DEPUTY COMMISSIONER HAMIRPUR,05-2030-01-101-01-S00N-V-N-25-REFUNDS,"[TRVch# 31 Dt:06/11/2017] , Billno-HMR0050117A2030031",1,13600,0,0,13600
HMR00-501-DEPUTY COMMISSIONER HAMIRPUR,05-2030-01-101-01-S00N-V-N-25-REFUNDS,"[TRVch# 31 Dt:17/05/2018] , Billno-HMR005011852030031",1,1873,0,0,1873
HMR00-501-DEPUTY COMMISSIONER HAMIRPUR,05-2030-01-101-01-S00N-V-N-25-REFUNDS,"[TRVch# 32 Dt:16/05/2017] , Billno-HMR005011752030032",1,5060,0,0,5060
HMR00-501-DEPUTY COMMISSIONER HAMIRPUR,05-2030-01-101-01-S00N-V-N-25-REFUNDS,"[TRVch# 33 Dt:16/05/2017] , Billno-HMR005011752030033",1,5160,0,0,5160
HMR00-501-DEPUTY COMMISSIONER HAMIRPUR,05-2030-01-101-01-S00N-V-N-25-REFUNDS,"[TRVch# 34 Dt:16/05/2017] , Billno-HMR005011752030034",1,3210,0,0,3210
HMR00-501-DEPUTY COMMISSIONER HAMIRPUR,05-2030-01-101-01-S00N-V-N-25-REFUNDS,"[TRVch# 34 Dt:19/03/2018] , Billno-HMR005011732030034",1,2710,0,0,2710
HMR00-501-DEPUTY COMMISSIONER HAMIRPUR,05-2030-01-101-01-S00N-V-N-25-REFUNDS,"[TRVch# 36 Dt:14/08/2018] , Billno-HMR005011882030036",1,6750,0,0,6750
HMR00-501-DEPUTY COMMISSIONER HAMIRPUR,05-2030-01-101-01-S00N-V-N-25-REFUNDS,"[TRVch# 4 Dt:03/07/2017] , Billno-HMR005011772030004",1,24750,0,0,24750
HMR00-501-DEPUTY COMMISSIONER HAMIRPUR,05-2030-01-101-01-S00N-V-N-25-REFUNDS,"[TRVch# 4 Dt:05/05/2018] , Billno-HMR005011852030004",1,3360,0,0,3360
HMR00-501-DEPUTY COMMISSIONER HAMIRPUR,05-2030-01-101-01-S00N-V-N-25-REFUNDS,"[TRVch# 40 Dt:28/11/2017] , Billno-HMR0050117A2030040",1,3000,0,0,3000
HMR00-501-DEPUTY COMMISSIONER HAMIRPUR,05-2030-01-101-01-S00N-V-N-25-REFUNDS,"[TRVch# 5 Dt:05/05/2018] , Billno-HMR005011852030005",1,3160,0,0,3160
HMR00-501-DEPUTY COMMISSIONER HAMIRPUR,05-2030-01-101-01-S00N-V-N-25-REFUNDS,"[TRVch# 60 Dt:26/05/2017] , Billno-HMR005011752030060",1,8010,0,0,8010
HMR00-501-DEPUTY COMMISSIONER HAMIRPUR,05-2030-01-101-01-S00N-V-N-25-REFUNDS,"[TRVch# 64 Dt:25/07/2018] , Billno-HMR005011872030064",1,240,0,240,0
HMR00-501-DEPUTY COMMISSIONER HAMIRPUR,05-2030-01-101-01-S00N-V-N-25-REFUNDS,"[TRVch# 66 Dt:28/12/2017] , Billno-HMR0050117B2030066",1,4060,0,0,4060
HMR00-501-DEPUTY COMMISSIONER HAMIRPUR,05-2030-01-101-01-S00N-V-N-25-REFUNDS,"[TRVch# 73 Dt:30/10/2017] , Billno-HMR005011702030073",1,2310,0,0,2310
HMR00-501-DEPUTY COMMISSIONER HAMIRPUR,05-2030-01-101-01-S00N-V-N-25-REFUNDS,"[TRVch# 74 Dt:30/10/2017] , Billno-HMR005011702030074",1,6039,0,0,6039
HMR00-501-DEPUTY COMMISSIONER HAMIRPUR,05-2030-01-101-01-S00N-V-N-25-REFUNDS,"[TRVch# 75 Dt:22/09/2017] , Billno-HMR005011792030075",1,3210,0,0,3210
HMR00-501-DEPUTY COMMISSIONER HAMIRPUR,05-2030-01-102-01-S00N-V-N-20-OTHER CHARGES,"[TRVch# 18 Dt:16/09/2017] , Billno-HMR005011792030018",1,800,0,800,0
HMR00-501-DEPUTY COMMISSIONER HAMIRPUR,05-2030-01-102-01-S00N-V-N-20-OTHER CHARGES,"[TRVch# 20 Dt:12/10/2017] , Billno-HMR005011702030020",1,4000,0,4000,0
HMR00-501-DEPUTY COMMISSIONER HAMIRPUR,05-2030-01-102-01-S00N-V-N-20-OTHER CHARGES,"[TRVch# 58 Dt:23/08/2017] , Billno-HMR005011782030058",1,1600,0,1600,0
HMR00-501-DEPUTY COMMISSIONER HAMIRPUR,05-2030-01-102-01-S00N-V-N-20-OTHER CHARGES,"[TRVch# 6 Dt:08/09/2017] , Billno-HMR005011792030006",1,4320,0,4320,0
HMR00-501-DEPUTY COMMISSIONER HAMIRPUR,05-2030-01-102-01-S00N-V-N-20-OTHER CHARGES,"[TRVch# 69 Dt:28/08/2017] , Billno-HMR005011782030069",1,400,0,400,0
HMR00-501-DEPUTY COMMISSIONER HAMIRPUR,05-2030-01-102-01-S00N-V-N-20-OTHER CHARGES,"[TRVch# 8 Dt:08/08/2017] , Billno-HMR005011782030008",1,400,0,400,0
HMR00-501-DEPUTY COMMISSIONER HAMIRPUR,05-2030-01-102-01-S00N-V-N-25-REFUNDS,"[TRVch# 28 Dt:17/05/2018] , Billno-HMR005011852030028",1,105300,0,0,105300
HMR00-501-DEPUTY COMMISSIONER HAMIRPUR,05-2030-01-800-04-S00N-V-N-20-OTHER CHARGES,"[TRVch# 110 Dt:28/03/2018] , Billno-HMR005011732030110",1,180,0,180,0
HMR00-501-DEPUTY COMMISSIONER HAMIRPUR,05-2030-01-800-04-S00N-V-N-20-OTHER CHARGES,"[TRVch# 13 Dt:20/04/2017] , Billno-HMR005011742030013",1,180,0,180,0
HMR00-501-DEPUTY COMMISSIONER HAMIRPUR,05-2030-01-800-04-S00N-V-N-20-OTHER CHARGES,"[TRVch# 16 Dt:12/03/2018] , Billno-HMR005011732030016",1,180,0,180,0
HMR00-501-DEPUTY COMMISSIONER HAMIRPUR,05-2030-01-800-04-S00N-V-N-20-OTHER CHARGES,"[TRVch# 18 Dt:10/10/2017] , Billno-HMR005011702030018",1,180,0,180,0
HMR00-501-DEPUTY COMMISSIONER HAMIRPUR,05-2030-01-800-04-S00N-V-N-20-OTHER CHARGES,"[TRVch# 19 Dt:12/07/2018] , Billno-HMR005011872030019",1,180,0,180,0
HMR00-501-DEPUTY COMMISSIONER HAMIRPUR,05-2030-01-800-04-S00N-V-N-20-OTHER CHARGES,"[TRVch# 20 Dt:09/05/2018] , Billno-HMR005011852030020",1,180,0,180,0
HMR00-501-DEPUTY COMMISSIONER HAMIRPUR,05-2030-01-800-04-S00N-V-N-20-OTHER CHARGES,"[TRVch# 23 Dt:14/07/2017] , Billno-HMR005011772030023",1,180,0,180,0
HMR00-501-DEPUTY COMMISSIONER HAMIRPUR,05-2030-01-800-04-S00N-V-N-20-OTHER CHARGES,"[TRVch# 24 Dt:20/07/2018] , Billno-HMR005011872030024",1,180,0,180,0
HMR00-501-DEPUTY COMMISSIONER HAMIRPUR,05-2030-01-800-04-S00N-V-N-20-OTHER CHARGES,"[TRVch# 25 Dt:16/05/2018] , Billno-HMR005011852030025",1,180,0,180,0
HMR00-501-DEPUTY COMMISSIONER HAMIRPUR,05-2030-01-800-04-S00N-V-N-20-OTHER CHARGES,"[TRVch# 26 Dt:20/06/2017] , Billno-HMR005011762030026",1,180,0,180,0
HMR00-501-DEPUTY COMMISSIONER HAMIRPUR,05-2030-01-800-04-S00N-V-N-20-OTHER CHARGES,"[TRVch# 26 Dt:22/09/2017] , Billno-HMR005011792030026",1,180,0,180,0
HMR00-501-DEPUTY COMMISSIONER HAMIRPUR,05-2030-01-800-04-S00N-V-N-20-OTHER CHARGES,"[TRVch# 27 Dt:17/07/2017] , Billno-HMR005011772030027",1,180,0,180,0
HMR00-501-DEPUTY COMMISSIONER HAMIRPUR,05-2030-01-800-04-S00N-V-N-20-OTHER CHARGES,"[TRVch# 3 Dt:01/01/2018] , Billno-HMR005011712030003",1,180,0,180,0
HMR00-501-DEPUTY COMMISSIONER HAMIRPUR,05-2030-01-800-04-S00N-V-N-20-OTHER CHARGES,"[TRVch# 3 Dt:05/02/2018] , Billno-HMR005011722030003",1,180,0,180,0
HMR00-501-DEPUTY COMMISSIONER HAMIRPUR,05-2030-01-800-04-S00N-V-N-20-OTHER CHARGES,"[TRVch# 31 Dt:19/01/2018] , Billno-HMR005011712030031",1,180,0,180,0
HMR00-501-DEPUTY COMMISSIONER HAMIRPUR,05-2030-01-800-04-S00N-V-N-20-OTHER CHARGES,"[TRVch# 33 Dt:14/11/2017] , Billno-HMR0050117A2030033",1,180,0,180,0
HMR00-501-DEPUTY COMMISSIONER HAMIRPUR,05-2030-01-800-04-S00N-V-N-20-OTHER CHARGES,"[TRVch# 33 Dt:19/03/2018] , Billno-HMR005011732030033",1,180,0,180,0
HMR00-501-DEPUTY COMMISSIONER HAMIRPUR,05-2030-01-800-04-S00N-V-N-20-OTHER CHARGES,"[TRVch# 38 Dt:20/08/2018] , Billno-HMR005011882030038",1,180,0,180,0
HMR00-501-DEPUTY COMMISSIONER HAMIRPUR,05-2030-01-800-04-S00N-V-N-20-OTHER CHARGES,"[TRVch# 40 Dt:19/05/2017] , Billno-HMR005011752030040",1,180,0,180,0
HMR00-501-DEPUTY COMMISSIONER HAMIRPUR,05-2030-01-800-04-S00N-V-N-20-OTHER CHARGES,"[TRVch# 42 Dt:24/04/2017] , Billno-HMR005011742030042",1,180,0,180,0
HMR00-501-DEPUTY COMMISSIONER HAMIRPUR,05-2030-01-800-04-S00N-V-N-20-OTHER CHARGES,"[TRVch# 46 Dt:29/11/2017] , Billno-HMR0050117A2030046",1,180,0,180,0
HMR00-501-DEPUTY COMMISSIONER HAMIRPUR,05-2030-01-800-04-S00N-V-N-20-OTHER CHARGES,"[TRVch# 56 Dt:22/06/2018] , Billno-HMR005011862030056",1,180,0,180,0
HMR00-501-DEPUTY COMMISSIONER HAMIRPUR,05-2030-01-800-04-S00N-V-N-20-OTHER CHARGES,"[TRVch# 56 Dt:24/04/2018] , Billno-HMR005011842030056",1,180,0,180,0
HMR00-501-DEPUTY COMMISSIONER HAMIRPUR,05-2030-01-800-04-S00N-V-N-20-OTHER CHARGES,"[TRVch# 60 Dt:19/08/2017] , Billno-HMR005011782030060",1,180,0,180,0
HMR00-501-DEPUTY COMMISSIONER HAMIRPUR,05-2030-01-800-04-S00N-V-N-20-OTHER CHARGES,"[TRVch# 65 Dt:23/02/2018] , Billno-HMR005011722030065",1,180,0,180,0
HMR00-501-DEPUTY COMMISSIONER HAMIRPUR,05-2030-01-800-04-S00N-V-N-20-OTHER CHARGES,"[TRVch# 66 Dt:30/05/2017] , Billno-HMR005011752030066",1,180,0,180,0
HMR00-501-DEPUTY COMMISSIONER HAMIRPUR,05-2030-01-800-04-S00N-V-N-20-OTHER CHARGES,"[TRVch# 8 Dt:02/01/2018] , Billno-HMR005011712030008",1,200,0,200,0
HMR00-501-DEPUTY COMMISSIONER HAMIRPUR,05-2030-01-800-04-S00N-V-N-20-OTHER CHARGES,"[TRVch# 82 Dt:25/07/2017] , Billno-HMR005011772030082",1,200,0,200,0
HMR00-501-DEPUTY COMMISSIONER HAMIRPUR,05-2030-01-800-04-S00N-V-N-20-OTHER CHARGES,"[TRVch# 86 Dt:29/05/2018] , Billno-HMR005011852030086",1,180,0,180,0
HMR00-501-DEPUTY COMMISSIONER HAMIRPUR,05-2030-01-800-06-S00N-V-N-20-OTHER CHARGES,"[TRVch# 11 Dt:08/08/2018] , Billno-HMR005011882030011",1,6400,0,6400,0
HMR00-501-DEPUTY COMMISSIONER HAMIRPUR,05-2030-01-800-06-S00N-V-N-20-OTHER CHARGES,"[TRVch# 14 Dt:06/07/2017] , Billno-HMR005011772030014",1,6400,0,6400,0
HMR00-501-DEPUTY COMMISSIONER HAMIRPUR,05-2030-01-800-06-S00N-V-N-20-OTHER CHARGES,"[TRVch# 28 Dt:19/12/2017] , Billno-HMR0050117B2030028",1,180,0,180,0
HMR00-501-DEPUTY COMMISSIONER HAMIRPUR,05-2030-01-800-06-S00N-V-N-20-OTHER CHARGES,"[TRVch# 88 Dt:29/05/2018] , Billno-HMR005011852030088",1,6400,0,6400,0
HMR00-501-DEPUTY COMMISSIONER HAMIRPUR,05-2030-01-800-06-S00N-V-N-20-OTHER CHARGES,"[TRVch# 9 Dt:03/01/2018] , Billno-HMR005011712030009",1,6400,0,6400,0
HMR00-501-DEPUTY COMMISSIONER HAMIRPUR,05-2030-02-102-01-S00N-V-N-20-OTHER CHARGES,"[TRVch# 1 Dt:01/05/2018] , Billno-HMR005011852030001",1,800,0,800,0
HMR00-501-DEPUTY COMMISSIONER HAMIRPUR,05-2030-02-102-01-S00N-V-N-20-OTHER CHARGES,"[TRVch# 1 Dt:01/09/2017] , Billno-HMR005011792030001",1,1600,0,1600,0
HMR00-501-DEPUTY COMMISSIONER HAMIRPUR,05-2030-02-102-01-S00N-V-N-20-OTHER CHARGES,"[TRVch# 1 Dt:03/04/2018] , Billno-HMR005011842030001",1,1200,0,1200,0
HMR00-501-DEPUTY COMMISSIONER HAMIRPUR,05-2030-02-102-01-S00N-V-N-20-OTHER CHARGES,"[TRVch# 1 Dt:03/06/2017] , Billno-HMR005011762030001",1,400,0,400,0
HMR00-501-DEPUTY COMMISSIONER HAMIRPUR,05-2030-02-102-01-S00N-V-N-20-OTHER CHARGES,"[TRVch# 1 Dt:03/07/2018] , Billno-HMR005011872030001",1,9600,0,9600,0
HMR00-501-DEPUTY COMMISSIONER HAMIRPUR,05-2030-02-102-01-S00N-V-N-20-OTHER CHARGES,"[TRVch# 10 Dt:03/01/2018] , Billno-HMR005011712030010",1,800,0,800,0
HMR00-501-DEPUTY COMMISSIONER HAMIRPUR,05-2030-02-102-01-S00N-V-N-20-OTHER CHARGES,"[TRVch# 10 Dt:03/11/2017] , Billno-HMR0050117A2030010",1,4400,0,4400,0
HMR00-501-DEPUTY COMMISSIONER HAMIRPUR,05-2030-02-102-01-S00N-V-N-20-OTHER CHARGES,"[TRVch# 10 Dt:05/05/2017] , Billno-HMR005011752030010",1,2500,0,2500,0
HMR00-501-DEPUTY COMMISSIONER HAMIRPUR,05-2030-02-102-01-S00N-V-N-20-OTHER CHARGES,"[TRVch# 10 Dt:07/05/2018] , Billno-HMR005011852030010",1,3800,0,3800,0
HMR00-501-DEPUTY COMMISSIONER HAMIRPUR,05-2030-02-102-01-S00N-V-N-20-OTHER CHARGES,"[TRVch# 104 Dt:27/10/2017] , Billno-HMR005011702030104",1,8000,0,8000,0
HMR00-501-DEPUTY COMMISSIONER HAMIRPUR,05-2030-02-102-01-S00N-V-N-20-OTHER CHARGES,"[TRVch# 107 Dt:28/03/2018] , Billno-HMR005011732030107",1,3000,0,3000,0
HMR00-501-DEPUTY COMMISSIONER HAMIRPUR,05-2030-02-102-01-S00N-V-N-20-OTHER CHARGES,"[TRVch# 109 Dt:28/03/2018] , Billno-HMR005011732030109",1,400,0,400,0
HMR00-501-DEPUTY COMMISSIONER HAMIRPUR,05-2030-02-102-01-S00N-V-N-20-OTHER CHARGES,"[TRVch# 11 Dt:06/11/2017] , Billno-HMR0050117A2030011",1,1200,0,1200,0
HMR00-501-DEPUTY COMMISSIONER HAMIRPUR,05-2030-02-102-01-S00N-V-N-20-OTHER CHARGES,"[TRVch# 11 Dt:13/04/2017] , Billno-HMR005011742030011",1,800,0,800,0
HMR00-501-DEPUTY COMMISSIONER HAMIRPUR,05-2030-02-102-01-S00N-V-N-20-OTHER CHARGES,"[TRVch# 12 Dt:09/03/2018] , Billno-HMR005011732030012",1,6040,0,6040,0
HMR00-501-DEPUTY COMMISSIONER HAMIRPUR,05-2030-02-102-01-S00N-V-N-20-OTHER CHARGES,"[TRVch# 12 Dt:09/05/2017] , Billno-HMR005011752030012",1,1000,0,1000,0
HMR00-501-DEPUTY COMMISSIONER HAMIRPUR,05-2030-02-102-01-S00N-V-N-20-OTHER CHARGES,"[TRVch# 12 Dt:20/04/2017] , Billno-HMR005011742030012",1,400,0,400,0
HMR00-501-DEPUTY COMMISSIONER HAMIRPUR,05-2030-02-102-01-S00N-V-N-20-OTHER CHARGES,"[TRVch# 13 Dt:03/10/2017] , Billno-HMR005011702030013",1,400,0,400,0
HMR00-501-DEPUTY COMMISSIONER HAMIRPUR,05-2030-02-102-01-S00N-V-N-20-OTHER CHARGES,"[TRVch# 13 Dt:06/07/2017] , Billno-HMR005011772030013",1,384,0,384,0
HMR00-501-DEPUTY COMMISSIONER HAMIRPUR,05-2030-02-102-01-S00N-V-N-20-OTHER CHARGES,"[TRVch# 13 Dt:09/03/2018] , Billno-HMR005011732030013",1,400,0,400,0
HMR00-501-DEPUTY COMMISSIONER HAMIRPUR,05-2030-02-102-01-S00N-V-N-20-OTHER CHARGES,"[TRVch# 13 Dt:11/04/2018] , Billno-HMR005011842030013",1,3000,0,3000,0
HMR00-501-DEPUTY COMMISSIONER HAMIRPUR,05-2030-02-102-01-S00N-V-N-20-OTHER CHARGES,"[TRVch# 14 Dt:06/07/2018] , Billno-HMR005011872030014",1,8000,0,8000,0
HMR00-501-DEPUTY COMMISSIONER HAMIRPUR,05-2030-02-102-01-S00N-V-N-20-OTHER CHARGES,"[TRVch# 14 Dt:08/06/2018] , Billno-HMR005011862030014",1,3600,0,3600,0
HMR00-501-DEPUTY COMMISSIONER HAMIRPUR,05-2030-02-102-01-S00N-V-N-20-OTHER CHARGES,"[TRVch# 14 Dt:09/01/2018] , Billno-HMR005011712030014",1,1040,0,1040,0
HMR00-501-DEPUTY COMMISSIONER HAMIRPUR,05-2030-02-102-01-S00N-V-N-20-OTHER CHARGES,"[TRVch# 14 Dt:09/03/2018] , Billno-HMR005011732030014",1,1280,0,1280,0
HMR00-501-DEPUTY COMMISSIONER HAMIRPUR,05-2030-02-102-01-S00N-V-N-20-OTHER CHARGES,"[TRVch# 14 Dt:20/04/2017] , Billno-HMR005011742030014",1,3000,0,3000,0
HMR00-501-DEPUTY COMMISSIONER HAMIRPUR,05-2030-02-102-01-S00N-V-N-20-OTHER CHARGES,"[TRVch# 15 Dt:04/10/2017] , Billno-HMR005011702030015",1,2400,0,2400,0
HMR00-501-DEPUTY COMMISSIONER HAMIRPUR,05-2030-02-102-01-S00N-V-N-20-OTHER CHARGES,"[TRVch# 15 Dt:07/12/2017] , Billno-HMR0050117B2030015",1,1000,0,1000,0
HMR00-501-DEPUTY COMMISSIONER HAMIRPUR,05-2030-02-102-01-S00N-V-N-20-OTHER CHARGES,"[TRVch# 15 Dt:11/04/2018] , Billno-HMR005011842030015",1,2560,0,2560,0
HMR00-501-DEPUTY COMMISSIONER HAMIRPUR,05-2030-02-102-01-S00N-V-N-20-OTHER CHARGES,"[TRVch# 15 Dt:12/09/2017] , Billno-HMR005011792030015",1,8000,0,8000,0
HMR00-501-DEPUTY COMMISSIONER HAMIRPUR,05-2030-02-102-01-S00N-V-N-20-OTHER CHARGES,"[TRVch# 16 Dt:09/07/2018] , Billno-HMR005011872030016",1,200,0,200,0
HMR00-501-DEPUTY COMMISSIONER HAMIRPUR,05-2030-02-102-01-S00N-V-N-20-OTHER CHARGES,"[TRVch# 16 Dt:20/04/2017] , Billno-HMR005011742030016",1,8000,0,8000,0
HMR00-501-DEPUTY COMMISSIONER HAMIRPUR,05-2030-02-102-01-S00N-V-N-20-OTHER CHARGES,"[TRVch# 17 Dt:07/07/2017] , Billno-HMR005011772030017",1,400,0,400,0
HMR00-501-DEPUTY COMMISSIONER HAMIRPUR,05-2030-02-102-01-S00N-V-N-20-OTHER CHARGES,"[TRVch# 17 Dt:10/10/2017] , Billno-HMR005011702030017",1,400,0,400,0
HMR00-501-DEPUTY COMMISSIONER HAMIRPUR,05-2030-02-102-01-S00N-V-N-20-OTHER CHARGES,"[TRVch# 17 Dt:12/03/2018] , Billno-HMR005011732030017",1,6000,0,6000,0
HMR00-501-DEPUTY COMMISSIONER HAMIRPUR,05-2030-02-102-01-S00N-V-N-20-OTHER CHARGES,"[TRVch# 17 Dt:13/09/2017] , Billno-HMR005011792030017",1,640,0,640,0
HMR00-501-DEPUTY COMMISSIONER HAMIRPUR,05-2030-02-102-01-S00N-V-N-20-OTHER CHARGES,"[TRVch# 17 Dt:17/04/2018] , Billno-HMR005011842030017",1,8000,0,8000,0
HMR00-501-DEPUTY COMMISSIONER HAMIRPUR,05-2030-02-102-01-S00N-V-N-20-OTHER CHARGES,"[TRVch# 18 Dt:08/05/2018] , Billno-HMR005011852030018",1,5480,0,5480,0
HMR00-501-DEPUTY COMMISSIONER HAMIRPUR,05-2030-02-102-01-S00N-V-N-20-OTHER CHARGES,"[TRVch# 18 Dt:10/07/2017] , Billno-HMR005011772030018",1,400,0,400,0
HMR00-501-DEPUTY COMMISSIONER HAMIRPUR,05-2030-02-102-01-S00N-V-N-20-OTHER CHARGES,"[TRVch# 18 Dt:11/07/2018] , Billno-HMR005011872030018",1,3800,0,3800,0
HMR00-501-DEPUTY COMMISSIONER HAMIRPUR,05-2030-02-102-01-S00N-V-N-20-OTHER CHARGES,"[TRVch# 18 Dt:12/06/2017] , Billno-HMR005011762030018",1,800,0,800,0
HMR00-501-DEPUTY COMMISSIONER HAMIRPUR,05-2030-02-102-01-S00N-V-N-20-OTHER CHARGES,"[TRVch# 18 Dt:17/04/2018] , Billno-HMR005011842030018",1,400,0,400,0
HMR00-501-DEPUTY COMMISSIONER HAMIRPUR,05-2030-02-102-01-S00N-V-N-20-OTHER CHARGES,"[TRVch# 19 Dt:05/03/2018] , Billno-HMR005011732030019",1,680,0,680,0
HMR00-501-DEPUTY COMMISSIONER HAMIRPUR,05-2030-02-102-01-S00N-V-N-20-OTHER CHARGES,"[TRVch# 19 Dt:13/12/2017] , Billno-HMR0050117B2030019",1,200,0,200,0
HMR00-501-DEPUTY COMMISSIONER HAMIRPUR,05-2030-02-102-01-S00N-V-N-20-OTHER CHARGES,"[TRVch# 19 Dt:16/09/2017] , Billno-HMR005011792030019",1,2000,0,2000,0
HMR00-501-DEPUTY COMMISSIONER HAMIRPUR,05-2030-02-102-01-S00N-V-N-20-OTHER CHARGES,"[TRVch# 2 Dt:01/07/2017] , Billno-HMR005011772030002",1,3400,0,3400,0
HMR00-501-DEPUTY COMMISSIONER HAMIRPUR,05-2030-02-102-01-S00N-V-N-20-OTHER CHARGES,"[TRVch# 2 Dt:03/07/2018] , Billno-HMR005011872030002",1,3600,0,3600,0
HMR00-501-DEPUTY COMMISSIONER HAMIRPUR,05-2030-02-102-01-S00N-V-N-20-OTHER CHARGES,"[TRVch# 2 Dt:05/06/2017] , Billno-HMR005011762030002",1,400,0,400,0
HMR00-501-DEPUTY COMMISSIONER HAMIRPUR,05-2030-02-102-01-S00N-V-N-20-OTHER CHARGES,"[TRVch# 2 Dt:05/06/2018] , Billno-HMR005011862030002",1,1600,0,1600,0
HMR00-501-DEPUTY COMMISSIONER HAMIRPUR,05-2030-02-102-01-S00N-V-N-20-OTHER CHARGES,"[TRVch# 2 Dt:05/09/2017] , Billno-HMR005011792030002",1,1200,0,1200,0
HMR00-501-DEPUTY COMMISSIONER HAMIRPUR,05-2030-02-102-01-S00N-V-N-20-OTHER CHARGES,"[TRVch# 20 Dt:12/07/2017] , Billno-HMR005011772030020",1,6600,0,6600,0
HMR00-501-DEPUTY COMMISSIONER HAMIRPUR,05-2030-02-102-01-S00N-V-N-20-OTHER CHARGES,"[TRVch# 20 Dt:15/12/2017] , Billno-HMR0050117B2030020",1,1000,0,1000,0
HMR00-501-DEPUTY COMMISSIONER HAMIRPUR,05-2030-02-102-01-S00N-V-N-20-OTHER CHARGES,"[TRVch# 20 Dt:18/09/2017] , Billno-HMR005011792030020",1,400,0,400,0
HMR00-501-DEPUTY COMMISSIONER HAMIRPUR,05-2030-02-102-01-S00N-V-N-20-OTHER CHARGES,"[TRVch# 21 Dt:12/10/2017] , Billno-HMR005011702030021",1,1200,0,1200,0
HMR00-501-DEPUTY COMMISSIONER HAMIRPUR,05-2030-02-102-01-S00N-V-N-20-OTHER CHARGES,"[TRVch# 21 Dt:13/03/2018] , Billno-HMR005011732030021",1,5600,0,5600,0
HMR00-501-DEPUTY COMMISSIONER HAMIRPUR,05-2030-02-102-01-S00N-V-N-20-OTHER CHARGES,"[TRVch# 21 Dt:14/06/2017] , Billno-HMR005011762030021",1,6000,0,6000,0
HMR00-501-DEPUTY COMMISSIONER HAMIRPUR,05-2030-02-102-01-S00N-V-N-20-OTHER CHARGES,"[TRVch# 21 Dt:15/12/2017] , Billno-HMR0050117B2030021",1,3600,0,3600,0
HMR00-501-DEPUTY COMMISSIONER HAMIRPUR,05-2030-02-102-01-S00N-V-N-20-OTHER CHARGES,"[TRVch# 21 Dt:17/07/2018] , Billno-HMR005011872030021",1,4000,0,4000,0
HMR00-501-DEPUTY COMMISSIONER HAMIRPUR,05-2030-02-102-01-S00N-V-N-20-OTHER CHARGES,"[TRVch# 21 Dt:18/06/2018] , Billno-HMR005011862030021",1,1840,0,1840,0
HMR00-501-DEPUTY COMMISSIONER HAMIRPUR,05-2030-02-102-01-S00N-V-N-20-OTHER CHARGES,"[TRVch# 21 Dt:18/09/2017] , Billno-HMR005011792030021",1,1200,0,1200,0
HMR00-501-DEPUTY COMMISSIONER HAMIRPUR,05-2030-02-102-01-S00N-V-N-20-OTHER CHARGES,"[TRVch# 22 Dt:11/05/2018] , Billno-HMR005011852030022",1,640,0,640,0
HMR00-501-DEPUTY COMMISSIONER HAMIRPUR,05-2030-02-102-01-S00N-V-N-20-OTHER CHARGES,"[TRVch# 22 Dt:14/03/2018] , Billno-HMR005011732030022",1,1400,0,1400,0
HMR00-501-DEPUTY COMMISSIONER HAMIRPUR,05-2030-02-102-01-S00N-V-N-20-OTHER CHARGES,"[TRVch# 22 Dt:14/07/2017] , Billno-HMR005011772030022",1,5400,0,5400,0
HMR00-501-DEPUTY COMMISSIONER HAMIRPUR,05-2030-02-102-01-S00N-V-N-20-OTHER CHARGES,"[TRVch# 22 Dt:16/01/2018] , Billno-HMR005011712030022",1,6800,0,6800,0
HMR00-501-DEPUTY COMMISSIONER HAMIRPUR,05-2030-02-102-01-S00N-V-N-20-OTHER CHARGES,"[TRVch# 22 Dt:18/07/2018] , Billno-HMR005011872030022",1,400,0,400,0
HMR00-501-DEPUTY COMMISSIONER HAMIRPUR,05-2030-02-102-01-S00N-V-N-20-OTHER CHARGES,"[TRVch# 22 Dt:19/04/2018] , Billno-HMR005011842030022",1,2520,0,2520,0
HMR00-501-DEPUTY COMMISSIONER HAMIRPUR,05-2030-02-102-01-S00N-V-N-20-OTHER CHARGES,"[TRVch# 22 Dt:20/06/2018] , Billno-HMR005011862030022",1,3600,0,3600,0
HMR00-501-DEPUTY COMMISSIONER HAMIRPUR,05-2030-02-102-01-S00N-V-N-20-OTHER CHARGES,"[TRVch# 23 Dt:13/02/2018] , Billno-HMR005011722030023",1,800,0,800,0
HMR00-501-DEPUTY COMMISSIONER HAMIRPUR,05-2030-02-102-01-S00N-V-N-20-OTHER CHARGES,"[TRVch# 23 Dt:13/10/2017] , Billno-HMR005011702030023",1,7000,0,7000,0
HMR00-501-DEPUTY COMMISSIONER HAMIRPUR,05-2030-02-102-01-S00N-V-N-20-OTHER CHARGES,"[TRVch# 23 Dt:15/06/2017] , Billno-HMR005011762030023",1,800,0,800,0
HMR00-501-DEPUTY COMMISSIONER HAMIRPUR,05-2030-02-102-01-S00N-V-N-20-OTHER CHARGES,"[TRVch# 23 Dt:15/12/2017] , Billno-HMR0050117B2030023",1,600,0,600,0
HMR00-501-DEPUTY COMMISSIONER HAMIRPUR,05-2030-02-102-01-S00N-V-N-20-OTHER CHARGES,"[TRVch# 23 Dt:16/01/2018] , Billno-HMR005011712030023",1,6000,0,6000,0
HMR00-501-DEPUTY COMMISSIONER HAMIRPUR,05-2030-02-102-01-S00N-V-N-20-OTHER CHARGES,"[TRVch# 23 Dt:20/07/2018] , Billno-HMR005011872030023",1,2080,0,2080,0
HMR00-501-DEPUTY COMMISSIONER HAMIRPUR,05-2030-02-102-01-S00N-V-N-20-OTHER CHARGES,"[TRVch# 23 Dt:21/04/2018] , Billno-HMR005011842030023",1,3800,0,3800,0
HMR00-501-DEPUTY COMMISSIONER HAMIRPUR,05-2030-02-102-01-S00N-V-N-20-OTHER CHARGES,"[TRVch# 24 Dt:14/07/2017] , Billno-HMR005011772030024",1,400,0,400,0
HMR00-501-DEPUTY COMMISSIONER HAMIRPUR,05-2030-02-102-01-S00N-V-N-20-OTHER CHARGES,"[TRVch# 24 Dt:15/05/2018] , Billno-HMR005011852030024",1,8000,0,8000,0
HMR00-501-DEPUTY COMMISSIONER HAMIRPUR,05-2030-02-102-01-S00N-V-N-20-OTHER CHARGES,"[TRVch# 24 Dt:16/03/2018] , Billno-HMR005011732030024",1,1280,0,1280,0
HMR00-501-DEPUTY COMMISSIONER HAMIRPUR,05-2030-02-102-01-S00N-V-N-20-OTHER CHARGES,"[TRVch# 24 Dt:17/01/2018] , Billno-HMR005011712030024",1,1600,0,1600,0
HMR00-501-DEPUTY COMMISSIONER HAMIRPUR,05-2030-02-102-01-S00N-V-N-20-OTHER CHARGES,"[TRVch# 24 Dt:22/09/2017] , Billno-HMR005011792030024",1,5400,0,5400,0
HMR00-501-DEPUTY COMMISSIONER HAMIRPUR,05-2030-02-102-01-S00N-V-N-20-OTHER CHARGES,"[TRVch# 25 Dt:15/07/2017] , Billno-HMR005011772030025",1,8000,0,8000,0
HMR00-501-DEPUTY COMMISSIONER HAMIRPUR,05-2030-02-102-01-S00N-V-N-20-OTHER CHARGES,"[TRVch# 25 Dt:18/10/2017] , Billno-HMR005011702030025",1,800,0,800,0
HMR00-501-DEPUTY COMMISSIONER HAMIRPUR,05-2030-02-102-01-S00N-V-N-20-OTHER CHARGES,"[TRVch# 25 Dt:20/06/2017] , Billno-HMR005011762030025",1,1280,0,1280,0
HMR00-501-DEPUTY COMMISSIONER HAMIRPUR,05-2030-02-102-01-S00N-V-N-20-OTHER CHARGES,"[TRVch# 25 Dt:22/09/2017] , Billno-HMR005011792030025",1,1200,0,1200,0
HMR00-501-DEPUTY COMMISSIONER HAMIRPUR,05-2030-02-102-01-S00N-V-N-20-OTHER CHARGES,"[TRVch# 26 Dt:16/02/2018] , Billno-HMR005011722030026",1,400,0,400,0
HMR00-501-DEPUTY COMMISSIONER HAMIRPUR,05-2030-02-102-01-S00N-V-N-20-OTHER CHARGES,"[TRVch# 26 Dt:16/05/2018] , Billno-HMR005011852030026",1,1680,0,1680,0
HMR00-501-DEPUTY COMMISSIONER HAMIRPUR,05-2030-02-102-01-S00N-V-N-20-OTHER CHARGES,"[TRVch# 26 Dt:18/10/2017] , Billno-HMR005011702030026",1,4800,0,4800,0
HMR00-501-DEPUTY COMMISSIONER HAMIRPUR,05-2030-02-102-01-S00N-V-N-20-OTHER CHARGES,"[TRVch# 27 Dt:17/02/2018] , Billno-HMR005011722030027",1,2000,0,2000,0
HMR00-501-DEPUTY COMMISSIONER HAMIRPUR,05-2030-02-102-01-S00N-V-N-20-OTHER CHARGES,"[TRVch# 27 Dt:18/01/2018] , Billno-HMR005011712030027",1,400,0,400,0
HMR00-501-DEPUTY COMMISSIONER HAMIRPUR,05-2030-02-102-01-S00N-V-N-20-OTHER CHARGES,"[TRVch# 28 Dt:18/07/2017] , Billno-HMR005011772030028",1,400,0,400,0
HMR00-501-DEPUTY COMMISSIONER HAMIRPUR,05-2030-02-102-01-S00N-V-N-20-OTHER CHARGES,"[TRVch# 29 Dt:09/08/2018] , Billno-HMR005011882030029",1,1200,0,1200,0
HMR00-501-DEPUTY COMMISSIONER HAMIRPUR,05-2030-02-102-01-S00N-V-N-20-OTHER CHARGES,"[TRVch# 29 Dt:12/01/2018] , Billno-HMR005011712030029",1,600,0,600,0
HMR00-501-DEPUTY COMMISSIONER HAMIRPUR,05-2030-02-102-01-S00N-V-N-20-OTHER CHARGES,"[TRVch# 29 Dt:20/12/2017] , Billno-HMR0050117B2030029",1,800,0,800,0
HMR00-501-DEPUTY COMMISSIONER HAMIRPUR,05-2030-02-102-01-S00N-V-N-20-OTHER CHARGES,"[TRVch# 3 Dt:01/07/2017] , Billno-HMR005011772030003",1,400,0,400,0
HMR00-501-DEPUTY COMMISSIONER HAMIRPUR,05-2030-02-102-01-S00N-V-N-20-OTHER CHARGES,"[TRVch# 3 Dt:01/08/2017] , Billno-HMR005011782030003",1,2800,0,2800,0
HMR00-501-DEPUTY COMMISSIONER HAMIRPUR,05-2030-02-102-01-S00N-V-N-20-OTHER CHARGES,"[TRVch# 3 Dt:02/05/2018] , Billno-HMR005011852030003",1,1920,0,1920,0
HMR00-501-DEPUTY COMMISSIONER HAMIRPUR,05-2030-02-102-01-S00N-V-N-20-OTHER CHARGES,"[TRVch# 3 Dt:06/12/2017] , Billno-HMR0050117B2030003",1,5200,0,5200,0
HMR00-501-DEPUTY COMMISSIONER HAMIRPUR,05-2030-02-102-01-S00N-V-N-20-OTHER CHARGES,"[TRVch# 31 Dt:10/08/2018] , Billno-HMR005011882030031",1,8000,0,8000,0
HMR00-501-DEPUTY COMMISSIONER HAMIRPUR,05-2030-02-102-01-S00N-V-N-20-OTHER CHARGES,"[TRVch# 31 Dt:16/05/2017] , Billno-HMR005011752030031",1,800,0,800,0
HMR00-501-DEPUTY COMMISSIONER HAMIRPUR,05-2030-02-102-01-S00N-V-N-20-OTHER CHARGES,"[TRVch# 32 Dt:19/03/2018] , Billno-HMR005011732030032",1,1080,0,1080,0
HMR00-501-DEPUTY COMMISSIONER HAMIRPUR,05-2030-02-102-01-S00N-V-N-20-OTHER CHARGES,"[TRVch# 32 Dt:22/01/2018] , Billno-HMR005011712030032",1,800,0,800,0
HMR00-501-DEPUTY COMMISSIONER HAMIRPUR,05-2030-02-102-01-S00N-V-N-20-OTHER CHARGES,"[TRVch# 33 Dt:14/08/2018] , Billno-HMR005011882030033",1,1240,0,1240,0
HMR00-501-DEPUTY COMMISSIONER HAMIRPUR,05-2030-02-102-01-S00N-V-N-20-OTHER CHARGES,"[TRVch# 33 Dt:18/05/2018] , Billno-HMR005011852030033",1,5600,0,5600,0
HMR00-501-DEPUTY COMMISSIONER HAMIRPUR,05-2030-02-102-01-S00N-V-N-20-OTHER CHARGES,"[TRVch# 34 Dt:14/11/2017] , Billno-HMR0050117A2030034",1,200,0,200,0
HMR00-501-DEPUTY COMMISSIONER HAMIRPUR,05-2030-02-102-01-S00N-V-N-20-OTHER CHARGES,"[TRVch# 34 Dt:18/05/2018] , Billno-HMR005011852030034",1,280,0,280,0
HMR00-501-DEPUTY COMMISSIONER HAMIRPUR,05-2030-02-102-01-S00N-V-N-20-OTHER CHARGES,"[TRVch# 35 Dt:14/08/2018] , Billno-HMR005011882030035",1,1640,0,1640,0
HMR00-501-DEPUTY COMMISSIONER HAMIRPUR,05-2030-02-102-01-S00N-V-N-20-OTHER CHARGES,"[TRVch# 35 Dt:17/05/2017] , Billno-HMR005011752030035",1,4800,0,4800,0
HMR00-501-DEPUTY COMMISSIONER HAMIRPUR,05-2030-02-102-01-S00N-V-N-20-OTHER CHARGES,"[TRVch# 35 Dt:17/11/2017] , Billno-HMR0050117A2030035",1,800,0,800,0
HMR00-501-DEPUTY COMMISSIONER HAMIRPUR,05-2030-02-102-01-S00N-V-N-20-OTHER CHARGES,"[TRVch# 36 Dt:17/11/2017] , Billno-HMR0050117A2030036",1,400,0,400,0
HMR00-501-DEPUTY COMMISSIONER HAMIRPUR,05-2030-02-102-01-S00N-V-N-20-OTHER CHARGES,"[TRVch# 36 Dt:19/05/2018] , Billno-HMR005011852030036",1,440,0,440,0
HMR00-501-DEPUTY COMMISSIONER HAMIRPUR,05-2030-02-102-01-S00N-V-N-20-OTHER CHARGES,"[TRVch# 37 Dt:16/08/2018] , Billno-HMR005011882030037",1,4600,0,4600,0
HMR00-501-DEPUTY COMMISSIONER HAMIRPUR,05-2030-02-102-01-S00N-V-N-20-OTHER CHARGES,"[TRVch# 37 Dt:20/03/2018] , Billno-HMR005011732030037",1,4000,0,4000,0
HMR00-501-DEPUTY COMMISSIONER HAMIRPUR,05-2030-02-102-01-S00N-V-N-20-OTHER CHARGES,"[TRVch# 38 Dt:20/05/2017] , Billno-HMR005011752030038",1,800,0,800,0
HMR00-501-DEPUTY COMMISSIONER HAMIRPUR,05-2030-02-102-01-S00N-V-N-20-OTHER CHARGES,"[TRVch# 38 Dt:21/11/2017] , Billno-HMR0050117A2030038",1,1200,0,1200,0
HMR00-501-DEPUTY COMMISSIONER HAMIRPUR,05-2030-02-102-01-S00N-V-N-20-OTHER CHARGES,"[TRVch# 39 Dt:21/03/2018] , Billno-HMR005011732030039",1,280,0,280,0
HMR00-501-DEPUTY COMMISSIONER HAMIRPUR,05-2030-02-102-01-S00N-V-N-20-OTHER CHARGES,"[TRVch# 39 Dt:21/04/2017] , Billno-HMR005011742030039",1,6000,0,6000,0
HMR00-501-DEPUTY COMMISSIONER HAMIRPUR,05-2030-02-102-01-S00N-V-N-20-OTHER CHARGES,"[TRVch# 4 Dt:01/08/2017] , Billno-HMR005011782030004",1,1600,0,1600,0
HMR00-501-DEPUTY COMMISSIONER HAMIRPUR,05-2030-02-102-01-S00N-V-N-20-OTHER CHARGES,"[TRVch# 4 Dt:07/06/2017] , Billno-HMR005011762030004",1,5800,0,5800,0
HMR00-501-DEPUTY COMMISSIONER HAMIRPUR,05-2030-02-102-01-S00N-V-N-20-OTHER CHARGES,"[TRVch# 41 Dt:22/05/2017] , Billno-HMR005011752030041",1,8000,0,8000,0
HMR00-501-DEPUTY COMMISSIONER HAMIRPUR,05-2030-02-102-01-S00N-V-N-20-OTHER CHARGES,"[TRVch# 41 Dt:24/04/2017] , Billno-HMR005011742030041",1,800,0,800,0
HMR00-501-DEPUTY COMMISSIONER HAMIRPUR,05-2030-02-102-01-S00N-V-N-20-OTHER CHARGES,"[TRVch# 42 Dt:28/11/2017] , Billno-HMR0050117A2030042",1,6000,0,6000,0
HMR00-501-DEPUTY COMMISSIONER HAMIRPUR,05-2030-02-102-01-S00N-V-N-20-OTHER CHARGES,"[TRVch# 44 Dt:18/04/2017] , Billno-HMR005011742030044",1,800,0,800,0
HMR00-501-DEPUTY COMMISSIONER HAMIRPUR,05-2030-02-102-01-S00N-V-N-20-OTHER CHARGES,"[TRVch# 44 Dt:28/11/2017] , Billno-HMR0050117A2030044",1,5000,0,5000,0
HMR00-501-DEPUTY COMMISSIONER HAMIRPUR,05-2030-02-102-01-S00N-V-N-20-OTHER CHARGES,"[TRVch# 45 Dt:28/11/2017] , Billno-HMR0050117A2030045",1,4600,0,4600,0
HMR00-501-DEPUTY COMMISSIONER HAMIRPUR,05-2030-02-102-01-S00N-V-N-20-OTHER CHARGES,"[TRVch# 46 Dt:27/04/2017] , Billno-HMR005011742030046",1,1200,0,1200,0
HMR00-501-DEPUTY COMMISSIONER HAMIRPUR,05-2030-02-102-01-S00N-V-N-20-OTHER CHARGES,"[TRVch# 47 Dt:29/11/2017] , Billno-HMR0050117A2030047",1,1040,0,1040,0
HMR00-501-DEPUTY COMMISSIONER HAMIRPUR,05-2030-02-102-01-S00N-V-N-20-OTHER CHARGES,"[TRVch# 5 Dt:01/01/2018] , Billno-HMR005011712030005",1,600,0,600,0
HMR00-501-DEPUTY COMMISSIONER HAMIRPUR,05-2030-02-102-01-S00N-V-N-20-OTHER CHARGES,"[TRVch# 5 Dt:02/05/2017] , Billno-HMR005011752030005",1,800,0,800,0
HMR00-501-DEPUTY COMMISSIONER HAMIRPUR,05-2030-02-102-01-S00N-V-N-20-OTHER CHARGES,"[TRVch# 5 Dt:05/02/2018] , Billno-HMR005011722030005",1,800,0,800,0
HMR00-501-DEPUTY COMMISSIONER HAMIRPUR,05-2030-02-102-01-S00N-V-N-20-OTHER CHARGES,"[TRVch# 5 Dt:06/07/2018] , Billno-HMR005011872030005",1,1840,0,1840,0
HMR00-501-DEPUTY COMMISSIONER HAMIRPUR,05-2030-02-102-01-S00N-V-N-20-OTHER CHARGES,"[TRVch# 5 Dt:06/08/2018] , Billno-HMR005011882030005",1,400,0,400,0
HMR00-501-DEPUTY COMMISSIONER HAMIRPUR,05-2030-02-102-01-S00N-V-N-20-OTHER CHARGES,"[TRVch# 50 Dt:24/01/2018] , Billno-HMR005011712030050",1,5400,0,5400,0
HMR00-501-DEPUTY COMMISSIONER HAMIRPUR,05-2030-02-102-01-S00N-V-N-20-OTHER CHARGES,"[TRVch# 52 Dt:11/08/2017] , Billno-HMR005011782030052",1,3800,0,3800,0
HMR00-501-DEPUTY COMMISSIONER HAMIRPUR,05-2030-02-102-01-S00N-V-N-20-OTHER CHARGES,"[TRVch# 53 Dt:29/01/2018] , Billno-HMR005011712030053",1,1600,0,1600,0
HMR00-501-DEPUTY COMMISSIONER HAMIRPUR,05-2030-02-102-01-S00N-V-N-20-OTHER CHARGES,"[TRVch# 54 Dt:30/01/2018] , Billno-HMR005011712030054",1,400,0,400,0
HMR00-501-DEPUTY COMMISSIONER HAMIRPUR,05-2030-02-102-01-S00N-V-N-20-OTHER CHARGES,"[TRVch# 55 Dt:23/08/2017] , Billno-HMR005011782030055",1,8000,0,8000,0
HMR00-501-DEPUTY COMMISSIONER HAMIRPUR,05-2030-02-102-01-S00N-V-N-20-OTHER CHARGES,"[TRVch# 55 Dt:24/04/2018] , Billno-HMR005011842030055",1,1600,0,1600,0
HMR00-501-DEPUTY COMMISSIONER HAMIRPUR,05-2030-02-102-01-S00N-V-N-20-OTHER CHARGES,"[TRVch# 55 Dt:30/01/2018] , Billno-HMR005011712030055",1,4900,0,4900,0
HMR00-501-DEPUTY COMMISSIONER HAMIRPUR,05-2030-02-102-01-S00N-V-N-20-OTHER CHARGES,"[TRVch# 56 Dt:23/08/2017] , Billno-HMR005011782030056",1,1000,0,1000,0
HMR00-501-DEPUTY COMMISSIONER HAMIRPUR,05-2030-02-102-01-S00N-V-N-20-OTHER CHARGES,"[TRVch# 57 Dt:23/06/2017] , Billno-HMR005011762030057",1,2800,0,2800,0
HMR00-501-DEPUTY COMMISSIONER HAMIRPUR,05-2030-02-102-01-S00N-V-N-20-OTHER CHARGES,"[TRVch# 58 Dt:22/06/2018] , Billno-HMR005011862030058",1,1720,0,1720,0
HMR00-501-DEPUTY COMMISSIONER HAMIRPUR,05-2030-02-102-01-S00N-V-N-20-OTHER CHARGES,"[TRVch# 58 Dt:25/05/2017] , Billno-HMR005011752030058",1,1000,0,1000,0
HMR00-501-DEPUTY COMMISSIONER HAMIRPUR,05-2030-02-102-01-S00N-V-N-20-OTHER CHARGES,"[TRVch# 59 Dt:23/06/2017] , Billno-HMR005011762030059",1,4600,0,4600,0
HMR00-501-DEPUTY COMMISSIONER HAMIRPUR,05-2030-02-102-01-S00N-V-N-20-OTHER CHARGES,"[TRVch# 59 Dt:26/06/2018] , Billno-HMR005011862030059",1,5200,0,5200,0
HMR00-501-DEPUTY COMMISSIONER HAMIRPUR,05-2030-02-102-01-S00N-V-N-20-OTHER CHARGES,"[TRVch# 6 Dt:03/04/2017] , Billno-HMR005011742030006",1,1600,0,1600,0
HMR00-501-DEPUTY COMMISSIONER HAMIRPUR,05-2030-02-102-01-S00N-V-N-20-OTHER CHARGES,"[TRVch# 6 Dt:04/08/2017] , Billno-HMR005011782030006",1,3800,0,3800,0
HMR00-501-DEPUTY COMMISSIONER HAMIRPUR,05-2030-02-102-01-S00N-V-N-20-OTHER CHARGES,"[TRVch# 6 Dt:06/02/2018] , Billno-HMR005011722030006",1,4800,0,4800,0
HMR00-501-DEPUTY COMMISSIONER HAMIRPUR,05-2030-02-102-01-S00N-V-N-20-OTHER CHARGES,"[TRVch# 6 Dt:07/08/2018] , Billno-HMR005011882030006",1,800,0,800,0
HMR00-501-DEPUTY COMMISSIONER HAMIRPUR,05-2030-02-102-01-S00N-V-N-20-OTHER CHARGES,"[TRVch# 61 Dt:19/08/2017] , Billno-HMR005011782030061",1,400,0,400,0
HMR00-501-DEPUTY COMMISSIONER HAMIRPUR,05-2030-02-102-01-S00N-V-N-20-OTHER CHARGES,"[TRVch# 61 Dt:22/12/2017] , Billno-HMR0050117B2030061",1,800,0,800,0
HMR00-501-DEPUTY COMMISSIONER HAMIRPUR,05-2030-02-102-01-S00N-V-N-20-OTHER CHARGES,"[TRVch# 61 Dt:26/05/2017] , Billno-HMR005011752030061",1,3080,0,3080,0
HMR00-501-DEPUTY COMMISSIONER HAMIRPUR,05-2030-02-102-01-S00N-V-N-20-OTHER CHARGES,"[TRVch# 62 Dt:22/12/2017] , Billno-HMR0050117B2030062",1,3360,0,3360,0
HMR00-501-DEPUTY COMMISSIONER HAMIRPUR,05-2030-02-102-01-S00N-V-N-20-OTHER CHARGES,"[TRVch# 62 Dt:27/06/2017] , Billno-HMR005011762030062",1,1600,0,1600,0
HMR00-501-DEPUTY COMMISSIONER HAMIRPUR,05-2030-02-102-01-S00N-V-N-20-OTHER CHARGES,"[TRVch# 62 Dt:30/06/2018] , Billno-HMR005011862030062",1,2880,0,2880,0
HMR00-501-DEPUTY COMMISSIONER HAMIRPUR,05-2030-02-102-01-S00N-V-N-20-OTHER CHARGES,"[TRVch# 63 Dt:25/07/2018] , Billno-HMR005011872030063",1,4240,0,4240,0
HMR00-501-DEPUTY COMMISSIONER HAMIRPUR,05-2030-02-102-01-S00N-V-N-20-OTHER CHARGES,"[TRVch# 63 Dt:26/05/2017] , Billno-HMR005011752030063",1,2500,0,2500,0
HMR00-501-DEPUTY COMMISSIONER HAMIRPUR,05-2030-02-102-01-S00N-V-N-20-OTHER CHARGES,"[TRVch# 63 Dt:27/06/2017] , Billno-HMR005011762030063",1,400,0,400,0
HMR00-501-DEPUTY COMMISSIONER HAMIRPUR,05-2030-02-102-01-S00N-V-N-20-OTHER CHARGES,"[TRVch# 63 Dt:27/12/2017] , Billno-HMR0050117B2030063",1,200,0,200,0
HMR00-501-DEPUTY COMMISSIONER HAMIRPUR,05-2030-02-102-01-S00N-V-N-20-OTHER CHARGES,"[TRVch# 64 Dt:16/08/2017] , Billno-HMR005011782030064",1,1000,0,1000,0
HMR00-501-DEPUTY COMMISSIONER HAMIRPUR,05-2030-02-102-01-S00N-V-N-20-OTHER CHARGES,"[TRVch# 64 Dt:23/02/2018] , Billno-HMR005011722030064",1,880,0,880,0
HMR00-501-DEPUTY COMMISSIONER HAMIRPUR,05-2030-02-102-01-S00N-V-N-20-OTHER CHARGES,"[TRVch# 64 Dt:27/12/2017] , Billno-HMR0050117B2030064",1,6000,0,6000,0
HMR00-501-DEPUTY COMMISSIONER HAMIRPUR,05-2030-02-102-01-S00N-V-N-20-OTHER CHARGES,"[TRVch# 65 Dt:24/10/2017] , Billno-HMR005011702030065",1,480,0,480,0
HMR00-501-DEPUTY COMMISSIONER HAMIRPUR,05-2030-02-102-01-S00N-V-N-20-OTHER CHARGES,"[TRVch# 65 Dt:25/07/2018] , Billno-HMR005011872030065",1,2400,0,2400,0
HMR00-501-DEPUTY COMMISSIONER HAMIRPUR,05-2030-02-102-01-S00N-V-N-20-OTHER CHARGES,"[TRVch# 65 Dt:30/05/2017] , Billno-HMR005011752030065",1,400,0,400,0
HMR00-501-DEPUTY COMMISSIONER HAMIRPUR,05-2030-02-102-01-S00N-V-N-20-OTHER CHARGES,"[TRVch# 66 Dt:24/08/2017] , Billno-HMR005011782030066",1,800,0,800,0
HMR00-501-DEPUTY COMMISSIONER HAMIRPUR,05-2030-02-102-01-S00N-V-N-20-OTHER CHARGES,"[TRVch# 66 Dt:24/10/2017] , Billno-HMR005011702030066",1,10200,0,10200,0
HMR00-501-DEPUTY COMMISSIONER HAMIRPUR,05-2030-02-102-01-S00N-V-N-20-OTHER CHARGES,"[TRVch# 67 Dt:23/02/2018] , Billno-HMR005011722030067",1,4000,0,4000,0
HMR00-501-DEPUTY COMMISSIONER HAMIRPUR,05-2030-02-102-01-S00N-V-N-20-OTHER CHARGES,"[TRVch# 67 Dt:27/07/2018] , Billno-HMR005011872030067",1,4000,0,4000,0
HMR00-501-DEPUTY COMMISSIONER HAMIRPUR,05-2030-02-102-01-S00N-V-N-20-OTHER CHARGES,"[TRVch# 67 Dt:30/05/2017] , Billno-HMR005011752030067",1,1400,0,1400,0
HMR00-501-DEPUTY COMMISSIONER HAMIRPUR,05-2030-02-102-01-S00N-V-N-20-OTHER CHARGES,"[TRVch# 68 Dt:26/02/2018] , Billno-HMR005011722030068",1,400,0,400,0
HMR00-501-DEPUTY COMMISSIONER HAMIRPUR,05-2030-02-102-01-S00N-V-N-20-OTHER CHARGES,"[TRVch# 68 Dt:26/10/2017] , Billno-HMR005011702030068",1,400,0,400,0
HMR00-501-DEPUTY COMMISSIONER HAMIRPUR,05-2030-02-102-01-S00N-V-N-20-OTHER CHARGES,"[TRVch# 68 Dt:28/12/2017] , Billno-HMR0050117B2030068",1,800,0,800,0
HMR00-501-DEPUTY COMMISSIONER HAMIRPUR,05-2030-02-102-01-S00N-V-N-20-OTHER CHARGES,"[TRVch# 69 Dt:27/07/2018] , Billno-HMR005011872030069",1,4800,0,4800,0
HMR00-501-DEPUTY COMMISSIONER HAMIRPUR,05-2030-02-102-01-S00N-V-N-20-OTHER CHARGES,"[TRVch# 69 Dt:29/12/2017] , Billno-HMR0050117B2030069",1,3200,0,3200,0
HMR00-501-DEPUTY COMMISSIONER HAMIRPUR,05-2030-02-102-01-S00N-V-N-20-OTHER CHARGES,"[TRVch# 7 Dt:02/01/2018] , Billno-HMR005011712030007",1,400,0,400,0
HMR00-501-DEPUTY COMMISSIONER HAMIRPUR,05-2030-02-102-01-S00N-V-N-20-OTHER CHARGES,"[TRVch# 7 Dt:05/05/2017] , Billno-HMR005011752030007",1,4200,0,4200,0
HMR00-501-DEPUTY COMMISSIONER HAMIRPUR,05-2030-02-102-01-S00N-V-N-20-OTHER CHARGES,"[TRVch# 7 Dt:06/02/2018] , Billno-HMR005011722030007",1,8000,0,8000,0
HMR00-501-DEPUTY COMMISSIONER HAMIRPUR,05-2030-02-102-01-S00N-V-N-20-OTHER CHARGES,"[TRVch# 7 Dt:08/08/2018] , Billno-HMR005011882030007",1,400,0,400,0
HMR00-501-DEPUTY COMMISSIONER HAMIRPUR,05-2030-02-102-01-S00N-V-N-20-OTHER CHARGES,"[TRVch# 70 Dt:27/10/2017] , Billno-HMR005011702030070",1,800,0,800,0
HMR00-501-DEPUTY COMMISSIONER HAMIRPUR,05-2030-02-102-01-S00N-V-N-20-OTHER CHARGES,"[TRVch# 70 Dt:28/02/2018] , Billno-HMR005011722030070",1,1040,0,1040,0
HMR00-501-DEPUTY COMMISSIONER HAMIRPUR,05-2030-02-102-01-S00N-V-N-20-OTHER CHARGES,"[TRVch# 71 Dt:24/08/2018] , Billno-HMR005011882030071",1,1440,0,1440,0
HMR00-501-DEPUTY COMMISSIONER HAMIRPUR,05-2030-02-102-01-S00N-V-N-20-OTHER CHARGES,"[TRVch# 72 Dt:27/08/2018] , Billno-HMR005011882030072",1,3200,0,3200,0
HMR00-501-DEPUTY COMMISSIONER HAMIRPUR,05-2030-02-102-01-S00N-V-N-20-OTHER CHARGES,"[TRVch# 74 Dt:28/08/2018] , Billno-HMR005011882030074",1,400,0,400,0
HMR00-501-DEPUTY COMMISSIONER HAMIRPUR,05-2030-02-102-01-S00N-V-N-20-OTHER CHARGES,"[TRVch# 75 Dt:29/08/2018] , Billno-HMR005011882030075",1,1880,0,1880,0
HMR00-501-DEPUTY COMMISSIONER HAMIRPUR,05-2030-02-102-01-S00N-V-N-20-OTHER CHARGES,"[TRVch# 76 Dt:22/03/2018] , Billno-HMR005011732030076",1,1280,0,1280,0
HMR00-501-DEPUTY COMMISSIONER HAMIRPUR,05-2030-02-102-01-S00N-V-N-20-OTHER CHARGES,"[TRVch# 76 Dt:30/08/2018] , Billno-HMR005011882030076",1,8000,0,8000,0
HMR00-501-DEPUTY COMMISSIONER HAMIRPUR,05-2030-02-102-01-S00N-V-N-20-OTHER CHARGES,"[TRVch# 77 Dt:20/07/2017] , Billno-HMR005011772030077",1,1200,0,1200,0
HMR00-501-DEPUTY COMMISSIONER HAMIRPUR,05-2030-02-102-01-S00N-V-N-20-OTHER CHARGES,"[TRVch# 78 Dt:21/07/2017] , Billno-HMR005011772030078",1,4000,0,4000,0
HMR00-501-DEPUTY COMMISSIONER HAMIRPUR,05-2030-02-102-01-S00N-V-N-20-OTHER CHARGES,"[TRVch# 78 Dt:22/03/2018] , Billno-HMR005011732030078",1,3600,0,3600,0
HMR00-501-DEPUTY COMMISSIONER HAMIRPUR,05-2030-02-102-01-S00N-V-N-20-OTHER CHARGES,"[TRVch# 79 Dt:26/03/2018] , Billno-HMR005011732030079",1,1720,0,1720,0
HMR00-501-DEPUTY COMMISSIONER HAMIRPUR,05-2030-02-102-01-S00N-V-N-20-OTHER CHARGES,"[TRVch# 8 Dt:09/02/2018] , Billno-HMR005011722030008",1,1200,0,1200,0
HMR00-501-DEPUTY COMMISSIONER HAMIRPUR,05-2030-02-102-01-S00N-V-N-20-OTHER CHARGES,"[TRVch# 81 Dt:23/05/2018] , Billno-HMR005011852030081",1,1080,0,1080,0
HMR00-501-DEPUTY COMMISSIONER HAMIRPUR,05-2030-02-102-01-S00N-V-N-20-OTHER CHARGES,"[TRVch# 81 Dt:24/07/2017] , Billno-HMR005011772030081",1,400,0,400,0
HMR00-501-DEPUTY COMMISSIONER HAMIRPUR,05-2030-02-102-01-S00N-V-N-20-OTHER CHARGES,"[TRVch# 82 Dt:23/05/2018] , Billno-HMR005011852030082",1,400,0,400,0
HMR00-501-DEPUTY COMMISSIONER HAMIRPUR,05-2030-02-102-01-S00N-V-N-20-OTHER CHARGES,"[TRVch# 84 Dt:25/05/2018] , Billno-HMR005011852030084",1,4600,0,4600,0
HMR00-501-DEPUTY COMMISSIONER HAMIRPUR,05-2030-02-102-01-S00N-V-N-20-OTHER CHARGES,"[TRVch# 84 Dt:26/07/2017] , Billno-HMR005011772030084",1,400,0,400,0
HMR00-501-DEPUTY COMMISSIONER HAMIRPUR,05-2030-02-102-01-S00N-V-N-20-OTHER CHARGES,"[TRVch# 86 Dt:28/07/2017] , Billno-HMR005011772030086",1,800,0,800,0
HMR00-501-DEPUTY COMMISSIONER HAMIRPUR,05-2030-02-102-01-S00N-V-N-20-OTHER CHARGES,"[TRVch# 87 Dt:29/05/2018] , Billno-HMR005011852030087",1,1200,0,1200,0
HMR00-501-DEPUTY COMMISSIONER HAMIRPUR,05-2030-02-102-01-S00N-V-N-20-OTHER CHARGES,"[TRVch# 88 Dt:28/07/2017] , Billno-HMR005011772030088",1,4000,0,4000,0
HMR00-501-DEPUTY COMMISSIONER HAMIRPUR,05-2030-02-102-01-S00N-V-N-20-OTHER CHARGES,"[TRVch# 9 Dt:07/04/2017] , Billno-HMR005011742030009",1,5200,0,5200,0
HMR00-501-DEPUTY COMMISSIONER HAMIRPUR,05-2030-02-102-01-S00N-V-N-20-OTHER CHARGES,"[TRVch# 9 Dt:08/08/2018] , Billno-HMR005011882030009",1,1400,0,1400,0
HMR00-501-DEPUTY COMMISSIONER HAMIRPUR,05-2030-02-102-01-S00N-V-N-20-OTHER CHARGES,"[TRVch# 97 Dt:28/09/2017] , Billno-HMR005011792030097",1,6000,0,6000,0
HMR00-501-DEPUTY COMMISSIONER HAMIRPUR,05-2030-02-102-01-S00N-V-N-25-REFUNDS,"[TRVch# 25 Dt:16/12/2017] , Billno-HMR0050117B2030025",1,37512,0,0,37512
HMR00-501-DEPUTY COMMISSIONER HAMIRPUR,05-2030-02-102-01-S00N-V-N-25-REFUNDS,"[TRVch# 3 Dt:07/04/2018] , Billno-HMR005011842030003",1,40716,0,0,40716
HMR00-501-DEPUTY COMMISSIONER HAMIRPUR,05-2030-02-102-01-S00N-V-N-25-REFUNDS,"[TRVch# 36 Dt:18/05/2017] , Billno-HMR005011752030036",1,28187,0,0,28187
HMR00-501-DEPUTY COMMISSIONER HAMIRPUR,05-2030-02-102-01-S00N-V-N-25-REFUNDS,"[TRVch# 37 Dt:18/05/2017] , Billno-HMR005011752030037",1,31500,0,0,31500
HMR00-501-DEPUTY COMMISSIONER HAMIRPUR,05-2030-02-102-01-S00N-V-N-25-REFUNDS,"[TRVch# 64 Dt:28/06/2017] , Billno-HMR005011762030064",1,24732,0,0,24732
HMR00-501-DEPUTY COMMISSIONER HAMIRPUR,05-2030-02-102-01-S00N-V-N-25-REFUNDS,"[TRVch# 72 Dt:30/10/2017] , Billno-HMR005011702030072",1,151875,0,0,151875
HMR00-501-DEPUTY COMMISSIONER HAMIRPUR,05-2030-02-102-01-S00N-V-N-25-REFUNDS,"[TRVch# 77 Dt:27/09/2017] , Billno-HMR005011792030077",1,54000,0,0,54000
HMR00-501-DEPUTY COMMISSIONER HAMIRPUR,05-2030-02-102-01-S00N-V-N-25-REFUNDS,"[TRVch# 83 Dt:23/05/2018] , Billno-HMR005011852030083",1,25920,0,0,25920
HMR00-501-DEPUTY COMMISSIONER HAMIRPUR,05-2030-02-800-05-S00N-V-N-20-OTHER CHARGES,"[TRVch# 15 Dt:08/06/2018] , Billno-HMR005011862030015",1,100,0,100,0
HMR00-501-DEPUTY COMMISSIONER HAMIRPUR,05-2030-02-800-05-S00N-V-N-20-OTHER CHARGES,"[TRVch# 16 Dt:08/12/2017] , Billno-HMR0050117B2030016",1,100,0,100,0
HMR00-501-DEPUTY COMMISSIONER HAMIRPUR,05-2030-02-800-05-S00N-V-N-20-OTHER CHARGES,"[TRVch# 25 Dt:16/02/2018] , Billno-HMR005011722030025",1,100,0,100,0
HMR00-501-DEPUTY COMMISSIONER HAMIRPUR,05-2030-02-800-05-S00N-V-N-20-OTHER CHARGES,"[TRVch# 31 Dt:17/03/2018] , Billno-HMR005011732030031",1,100,0,100,0
HMR00-501-DEPUTY COMMISSIONER HAMIRPUR,05-2030-02-800-05-S00N-V-N-20-OTHER CHARGES,"[TRVch# 57 Dt:26/04/2018] , Billno-HMR005011842030057",1,200,0,200,0
HMR00-501-DEPUTY COMMISSIONER HAMIRPUR,05-2030-02-800-05-S00N-V-N-20-OTHER CHARGES,"[TRVch# 71 Dt:30/08/2017] , Billno-HMR005011782030071",1,100,0,100,0
HMR00-501-DEPUTY COMMISSIONER HAMIRPUR,05-2030-02-800-05-S00N-V-N-20-OTHER CHARGES,"[TRVch# 8 Dt:05/05/2017] , Billno-HMR005011752030008",1,100,0,100,0
HMR00-501-DEPUTY COMMISSIONER HAMIRPUR,05-2030-02-800-05-S00N-V-N-20-OTHER CHARGES,"[TRVch# 8 Dt:06/04/2017] , Billno-HMR005011742030008",1,180,0,180,0
HMR00-501-DEPUTY COMMISSIONER HAMIRPUR,05-2030-02-800-06-S00N-V-N-20-OTHER CHARGES,"[TRVch# 29 Dt:21/02/2018] , Billno-HMR005011722030029",1,6400,0,6400,0
HMR00-501-DEPUTY COMMISSIONER HAMIRPUR,05-2030-03-104-01-S00N-V-N-25-REFUNDS,"[TRVch# 1 Dt:01/06/2018] , Billno-HMR005011862030001",1,38230,0,0,38230
HMR00-501-DEPUTY COMMISSIONER HAMIRPUR,05-2030-03-104-01-S00N-V-N-25-REFUNDS,"[TRVch# 1 Dt:02/02/2018] , Billno-HMR005011722030001",1,4792,0,0,4792
HMR00-501-DEPUTY COMMISSIONER HAMIRPUR,05-2030-03-104-01-S00N-V-N-25-REFUNDS,"[TRVch# 12 Dt:04/01/2018] , Billno-HMR005011712030012",1,9418,0,0,9418
HMR00-501-DEPUTY COMMISSIONER HAMIRPUR,05-2030-03-104-01-S00N-V-N-25-REFUNDS,"[TRVch# 17 Dt:11/06/2018] , Billno-HMR005011862030017",1,10477,0,0,10477
HMR00-501-DEPUTY COMMISSIONER HAMIRPUR,05-2030-03-104-01-S00N-V-N-25-REFUNDS,"[TRVch# 18 Dt:12/06/2018] , Billno-HMR005011862030018",1,9418,0,0,9418
HMR00-501-DEPUTY COMMISSIONER HAMIRPUR,05-2030-03-104-01-S00N-V-N-25-REFUNDS,"[TRVch# 2 Dt:03/08/2018] , Billno-HMR005011882030002",1,25490,0,0,25490
HMR00-501-DEPUTY COMMISSIONER HAMIRPUR,05-2030-03-104-01-S00N-V-N-25-REFUNDS,"[TRVch# 25 Dt:23/07/2018] , Billno-HMR005011872030025",1,7262,0,0,7262
HMR00-501-DEPUTY COMMISSIONER HAMIRPUR,05-2030-03-104-01-S00N-V-N-25-REFUNDS,"[TRVch# 26 Dt:19/12/2017] , Billno-HMR0050117B2030026",1,20433,0,0,20433
HMR00-501-DEPUTY COMMISSIONER HAMIRPUR,05-2030-03-104-01-S00N-V-N-25-REFUNDS,"[TRVch# 3 Dt:07/09/2017] , Billno-HMR005011792030003",1,19610,0,0,19610
HMR00-501-DEPUTY COMMISSIONER HAMIRPUR,05-2030-03-104-01-S00N-V-N-25-REFUNDS,"[TRVch# 4 Dt:04/08/2018] , Billno-HMR005011882030004",1,27646,0,0,27646
HMR00-501-DEPUTY COMMISSIONER HAMIRPUR,05-2030-04-101-01-S00N-V-N-20-OTHER CHARGES,"[TRVch# 22 Dt:13/10/2017] , Billno-HMR005011702030022",1,240,0,240,0
HMR00-501-DEPUTY COMMISSIONER HAMIRPUR,05-2030-04-101-01-S00N-V-N-20-OTHER CHARGES,"[TRVch# 32 Dt:18/05/2018] , Billno-HMR005011852030032",1,200,0,200,0
HMR00-501-DEPUTY COMMISSIONER HAMIRPUR,20-2216-03-102-04-S00N-V-P-42-GIA GENERAL (Non-Salary),"[TRVch# 2 Dt:08/09/2017] , Billno-HMR005012017000052",1,2790000,0,0,2790000
HMR00-501-DEPUTY COMMISSIONER HAMIRPUR,20-2216-03-102-04-S00N-V-P-42-GIA GENERAL (Non-Salary),"[TRVch# 3 Dt:20/03/2018] , Billno-HMR005012017000062",1,2790000,0,0,2790000
HMR00-501-DEPUTY COMMISSIONER HAMIRPUR,20-2216-03-102-05-S00N-V-P-42-GIA GENERAL (Non-Salary),"[TRVch# 3 Dt:08/09/2017] , Billno-HMR005012017000053",1,737500,0,0,737500
HMR00-501-DEPUTY COMMISSIONER HAMIRPUR,20-2216-03-102-05-S00N-V-P-42-GIA GENERAL (Non-Salary),"[TRVch# 4 Dt:20/03/2018] , Billno-HMR005012017000063",1,737500,0,0,737500
HMR00-501-DEPUTY COMMISSIONER HAMIRPUR,20-2216-03-102-06-S00N-V-N-42-GIA GENERAL (Non-Salary),"[TRVch# 1 Dt:03/02/2018] , Billno-HMR005012017000061",1,11310000,0,0,11310000
HMR00-501-DEPUTY COMMISSIONER HAMIRPUR,20-2216-03-102-06-S00N-V-N-42-GIA GENERAL (Non-Salary),"[TRVch# 4 Dt:08/09/2017] , Billno-HMR005012017000056",1,11310000,0,0,11310000
HMR00-501-DEPUTY COMMISSIONER HAMIRPUR,20-2501-06-800-03-S00N-V-N-20-OTHER CHARGES,"[TRVch# 1 Dt:20/03/2018] , Billno-HMR005012017000066",1,200000,0,0,200000
HMR00-501-DEPUTY COMMISSIONER HAMIRPUR,20-2501-06-800-03-S00N-V-N-20-OTHER CHARGES,"[TRVch# 1 Dt:24/05/2017] , Billno-HMR005012017000051",1,100000,0,0,100000
HMR00-501-DEPUTY COMMISSIONER HAMIRPUR,20-2501-06-800-03-S00N-V-N-20-OTHER CHARGES,"[TRVch# 1 Dt:28/09/2017] , Billno-HMR005012017000059",1,200000,0,0,200000
HMR00-501-DEPUTY COMMISSIONER HAMIRPUR,20-2501-06-800-08-S00N-V-N-21-MAINTENANCE,"[TRVch# 1 Dt:30/10/2017] , Billno-HMR005012017000060",1,9820000,0,0,9820000
HMR00-501-DEPUTY COMMISSIONER HAMIRPUR,20-2515-00-102-01-S00N-V-N-20-OTHER CHARGES,"[TRVch# 32 Dt:17/07/2018] , Billno-HMR005012018000068",1,400000,0,0,400000
HMR00-501-DEPUTY COMMISSIONER HAMIRPUR,20-2515-00-102-01-S00N-V-N-20-OTHER CHARGES,"[TRVch# 52 Dt:28/08/2018] , Billno-HMR005012018000069",1,400000,0,0,400000
HMR00-501-DEPUTY COMMISSIONER HAMIRPUR,20-2515-00-102-20-S00N-V-P-42-GIA GENERAL (Non-Salary),"[TRVch# 121 Dt:31/03/2018] , Billno-HMR005012017000067",1,780000,0,0,780000
HMR00-501-DEPUTY COMMISSIONER HAMIRPUR,32-2216-03-789-04-S00N-V-P-42-GIA GENERAL (Non-Salary),"[TRVch# 1 Dt:08/09/2017] , Billno-HMR005012017000054",1,980000,0,0,980000
HMR00-501-DEPUTY COMMISSIONER HAMIRPUR,32-2216-03-789-04-S00N-V-P-42-GIA GENERAL (Non-Salary),"[TRVch# 5 Dt:20/03/2018] , Billno-HMR005012017000064",1,980000,0,0,980000
HMR00-501-DEPUTY COMMISSIONER HAMIRPUR,32-2216-03-789-05-S00N-V-P-42-GIA GENERAL (Non-Salary),"[TRVch# 5 Dt:08/09/2017] , Billno-HMR005012017000058",1,262500,0,0,262500
HMR00-501-DEPUTY COMMISSIONER HAMIRPUR,32-2216-03-789-05-S00N-V-P-42-GIA GENERAL (Non-Salary),"[TRVch# 6 Dt:20/03/2018] , Billno-HMR005012017000065",1,262500,0,0,262500
