,DDODESC,DM.MAJ.SM.MIN.SMN.BUD.VC.PN.SOE,VoucherBillNO,BILLS,GROSS,AGDED,BTDED,NETPAYMENT
0,Grand Total, , ,3,521837,48207,0,473630
1,SML00-092-SPEAKER H.P. VIDHAN SABHA,Total, ,3,521837,48207,0,473630
2, ,01-2011-02-101-01-S00N-C-N-01-SALARIES,Total,2,506600,48207,0,458393
3, , ,"[TRVch# 13 Dt:10/04/2017] , Billno-SML000922017000001",1,255800,43152,0,212648
4, , ,"[TRVch# 14 Dt:10/04/2017] , Billno-SML000922017000002",1,250800,5055,0,245745
5, ,01-2011-02-101-01-S00N-C-N-06-MEDICAL REIMBURSEMENT,Total,1,15237,0,0,15237
6, , ,"[TRVch# 19 Dt:18/04/2017] , Billno-SML000922017000004",1,15237,0,0,15237
0,Grand Total, , ,6,652738,48101,0,604637
1,SML00-092-SPEAKER H.P. VIDHAN SABHA,Total, ,6,652738,48101,0,604637
2, ,01-2011-02-101-01-S00N-C-N-01-SALARIES,Total,2,503000,48101,0,454899
3, , ,"[TRVch# 10 Dt:01/05/2017] , Billno-SML000922017000006",1,254000,43057,0,210943
4, , ,"[TRVch# 9 Dt:01/05/2017] , Billno-SML000922017000007",1,249000,5044,0,243956
5, ,01-2011-02-101-01-S00N-C-N-03-TRAVEL EXPENSES,Total,2,133200,0,0,133200
6, , ,"[TRVch# 39 Dt:06/05/2017] , Billno-SML000922017000011",1,45000,0,0,45000
7, , ,"[TRVch# 40 Dt:06/05/2017] , Billno-SML000922017000012",1,88200,0,0,88200
8, ,01-2011-02-101-01-S00N-C-N-06-MEDICAL REIMBURSEMENT,Total,2,16538,0,0,16538
9, , ,"[TRVch# 41 Dt:06/05/2017] , Billno-SML000922017000013",1,865,0,0,865
10, , ,"[TRVch# 53 Dt:12/05/2017] , Billno-SML000922017000014",1,15673,0,0,15673
0,Grand Total, , ,2,506600,47996,0,458604
1,SML00-092-SPEAKER H.P. VIDHAN SABHA,Total, ,2,506600,47996,0,458604
2, ,01-2011-02-101-01-S00N-C-N-01-SALARIES,Total,2,506600,47996,0,458604
3, , ,"[TRVch# 7 Dt:01/06/2017] , Billno-SML000922017000016",1,250800,5033,0,245767
4, , ,"[TRVch# 9 Dt:01/06/2017] , Billno-SML000922017000015",1,255800,42963,0,212837
0,Grand Total, , ,5,631077,47890,0,583187
1,SML00-092-SPEAKER H.P. VIDHAN SABHA,Total, ,5,631077,47890,0,583187
2, ,01-2011-02-101-01-S00N-C-N-01-SALARIES,Total,2,503000,47890,0,455110
3, , ,"[TRVch# 7 Dt:01/07/2017] , Billno-SML000922017000027",1,254000,42868,0,211132
4, , ,"[TRVch# 8 Dt:01/07/2017] , Billno-SML000922017000028",1,249000,5022,0,243978
5, ,01-2011-02-101-01-S00N-C-N-03-TRAVEL EXPENSES,Total,2,112902,0,0,112902
6, , ,"[TRVch# 56 Dt:14/07/2017] , Billno-SML000922017000036",1,22902,0,0,22902
7, , ,"[TRVch# 63 Dt:18/07/2017] , Billno-SML000922017000037",1,90000,0,0,90000
8, ,01-2011-02-101-01-S00N-C-N-06-MEDICAL REIMBURSEMENT,Total,1,15175,0,0,15175
9, , ,"[TRVch# 64 Dt:18/07/2017] , Billno-SML000922017000039",1,15175,0,0,15175
0,Grand Total, , ,2,506600,47785,0,458815
1,SML00-092-SPEAKER H.P. VIDHAN SABHA,Total, ,2,506600,47785,0,458815
2, ,01-2011-02-101-01-S00N-C-N-01-SALARIES,Total,2,506600,47785,0,458815
3, , ,"[TRVch# 13 Dt:01/08/2017] , Billno-SML000922017000046",1,255800,42773,0,213027
4, , ,"[TRVch# 14 Dt:01/08/2017] , Billno-SML000922017000045",1,250800,5012,0,245788
0,Grand Total, , ,7,635633,47679,0,587954
1,SML00-092-SPEAKER H.P. VIDHAN SABHA,Total, ,7,635633,47679,0,587954
2, ,01-2011-02-101-01-S00N-C-N-01-SALARIES,Total,2,506600,47679,0,458921
3, , ,"[TRVch# 7 Dt:01/09/2017] , Billno-SML000922017000058",1,255800,42678,0,213122
4, , ,"[TRVch# 8 Dt:01/09/2017] , Billno-SML000922017000060",1,250800,5001,0,245799
5, ,01-2011-02-101-01-S00N-C-N-03-TRAVEL EXPENSES,Total,3,118832,0,0,118832
6, , ,"[TRVch# 11 Dt:01/09/2017] , Billno-SML000922017000062",1,68400,0,0,68400
7, , ,"[TRVch# 34 Dt:12/09/2017] , Billno-SML000922017000050",1,19816,0,0,19816
8, , ,"[TRVch# 9 Dt:01/09/2017] , Billno-SML000922017000048",1,30616,0,0,30616
9, ,01-2011-02-101-01-S00N-C-N-06-MEDICAL REIMBURSEMENT,Total,2,10201,0,0,10201
10, , ,"[TRVch# 10 Dt:01/09/2017] , Billno-SML000922017000049",1,1243,0,0,1243
11, , ,"[TRVch# 33 Dt:12/09/2017] , Billno-SML000922017000063",1,8958,0,0,8958
0,Grand Total, , ,3,519699,47573,0,472126
1,SML00-092-SPEAKER H.P. VIDHAN SABHA,Total, ,3,519699,47573,0,472126
2, ,01-2011-02-101-01-S00N-C-N-01-SALARIES,Total,2,503000,47573,0,455427
3, , ,"[TRVch# 8 Dt:03/10/2017] , Billno-SML000922017000072",1,254000,42583,0,211417
4, , ,"[TRVch# 9 Dt:03/10/2017] , Billno-SML000922017000074",1,249000,4990,0,244010
5, ,01-2011-02-101-01-S00N-C-N-06-MEDICAL REIMBURSEMENT,Total,1,16699,0,0,16699
6, , ,"[TRVch# 10 Dt:03/10/2017] , Billno-SML000922017000075",1,16699,0,0,16699
0,Grand Total, , ,5,990956,47468,0,943488
1,SML00-092-SPEAKER H.P. VIDHAN SABHA,Total, ,5,990956,47468,0,943488
2, ,01-2011-02-101-01-S00N-C-N-01-SALARIES,Total,2,506600,47468,0,459132
3, , ,"[TRVch# 7 Dt:01/11/2017] , Billno-SML000922017000083",1,255800,42488,0,213312
4, , ,"[TRVch# 8 Dt:01/11/2017] , Billno-SML000922017000084",1,250800,4980,0,245820
5, ,01-2011-02-101-01-S00N-C-N-03-TRAVEL EXPENSES,Total,2,340200,0,0,340200
6, , ,"[TRVch# 43 Dt:23/11/2017] , Billno-SML000922017000088",1,264600,0,0,264600
7, , ,"[TRVch# 61 Dt:27/11/2017] , Billno-SML000922017000087",1,75600,0,0,75600
8, ,01-2011-02-101-01-S00N-C-N-06-MEDICAL REIMBURSEMENT,Total,1,144156,0,0,144156
9, , ,"[TRVch# 60 Dt:27/11/2017] , Billno-SML000922017000090",1,144156,0,0,144156
0,Grand Total, , ,4,537453,47363,0,490090
1,SML00-092-SPEAKER H.P. VIDHAN SABHA,Total, ,4,537453,47363,0,490090
2, ,01-2011-02-101-01-S00N-C-N-01-SALARIES,Total,2,503000,47363,0,455637
3, , ,"[TRVch# 8 Dt:01/12/2017] , Billno-SML000922017000092",1,254000,42394,0,211606
4, , ,"[TRVch# 9 Dt:01/12/2017] , Billno-SML000922017000093",1,249000,4969,0,244031
5, ,01-2011-02-101-01-S00N-C-N-03-TRAVEL EXPENSES,Total,1,17556,0,0,17556
6, , ,"[TRVch# 23 Dt:12/12/2017] , Billno-SML000922017000096",1,17556,0,0,17556
7, ,01-2011-02-101-01-S00N-C-N-06-MEDICAL REIMBURSEMENT,Total,1,16897,0,0,16897
8, , ,"[TRVch# 24 Dt:12/12/2017] , Billno-SML000922017000095",1,16897,0,0,16897
0,Grand Total, , ,2,425696,47257,0,378439
1,SML00-092-SPEAKER H.P. VIDHAN SABHA,Total, ,2,425696,47257,0,378439
2, ,01-2011-02-101-01-S00N-C-N-01-SALARIES,Total,2,425696,47257,0,378439
3, , ,"[TRVch# 23 Dt:04/01/2018] , Billno-SML000922017000107",1,255800,42299,0,213501
4, , ,"[TRVch# 24 Dt:04/01/2018] , Billno-SML000922017000105",1,169896,4958,0,164938
0,Grand Total, , ,5,477438,37318,0,440120
1,SML00-092-SPEAKER H.P. VIDHAN SABHA,Total, ,5,477438,37318,0,440120
2, ,01-2011-02-101-01-S00N-C-N-01-SALARIES,Total,3,384438,37318,0,347120
3, , ,"[TRVch# 38 Dt:12/02/2018] , Billno-SML000922017000116",1,33007,0,0,33007
4, , ,"[TRVch# 8 Dt:01/02/2018] , Billno-SML000922017000112",1,181535,27450,0,154085
5, , ,"[TRVch# 9 Dt:01/02/2018] , Billno-SML000922017000113",1,169896,9868,0,160028
6, ,01-2011-02-101-01-S00N-C-N-03-TRAVEL EXPENSES,Total,2,93000,0,0,93000
7, , ,"[TRVch# 16 Dt:02/02/2018] , Billno-SML000922017000114",1,48000,0,0,48000
8, , ,"[TRVch# 37 Dt:12/02/2018] , Billno-SML000922017000115",1,45000,0,0,45000
0,Grand Total, , ,10,777024,37234,0,739790
1,SML00-092-SPEAKER H.P. VIDHAN SABHA,Total, ,10,777024,37234,0,739790
2, ,01-2011-02-101-01-S00N-C-N-01-SALARIES,Total,2,495800,37234,0,458566
3, , ,"[TRVch# 14 Dt:01/03/2018] , Billno-SML000922017000132",1,250400,27388,0,223012
4, , ,"[TRVch# 15 Dt:01/03/2018] , Billno-SML000922017000131",1,245400,9846,0,235554
5, ,01-2011-02-101-01-S00N-C-N-03-TRAVEL EXPENSES,Total,7,278515,0,0,278515
6, , ,"[TRVch# 121 Dt:28/03/2018] , Billno-SML000922017000150",1,16200,0,0,16200
7, , ,"[TRVch# 26 Dt:05/03/2018] , Billno-SML000922017000134",1,49555,0,0,49555
8, , ,"[TRVch# 39 Dt:13/03/2018] , Billno-SML000922017000135",1,61134,0,0,61134
9, , ,"[TRVch# 40 Dt:13/03/2018] , Billno-SML000922017000141",1,13969,0,0,13969
10, , ,"[TRVch# 42 Dt:15/03/2018] , Billno-SML000922017000143",1,23822,0,0,23822
11, , ,"[TRVch# 43 Dt:15/03/2018] , Billno-SML000922017000146",1,71222,0,0,71222
12, , ,"[TRVch# 51 Dt:16/03/2018] , Billno-SML000922017000145",1,42613,0,0,42613
13, ,01-2011-02-101-01-S00N-C-N-06-MEDICAL REIMBURSEMENT,Total,1,2709,0,0,2709
14, , ,"[TRVch# 13 Dt:01/03/2018] , Billno-SML000922017000118",1,2709,0,0,2709
0,Grand Total, , ,4,528629,37149,0,491480
1,SML00-092-SPEAKER H.P. VIDHAN SABHA,Total, ,4,528629,37149,0,491480
2, ,01-2011-02-101-01-S00N-C-N-01-SALARIES,Total,2,506600,37149,0,469451
3, , ,"[TRVch# 18 Dt:05/04/2018] , Billno-SML000922018000003",1,250800,9823,0,240977
4, , ,"[TRVch# 19 Dt:05/04/2018] , Billno-SML000922018000002",1,255800,27326,0,228474
5, ,01-2011-02-101-01-S00N-C-N-03-TRAVEL EXPENSES,Total,1,18000,0,0,18000
6, , ,"[TRVch# 54 Dt:24/04/2018] , Billno-SML000922018000006",1,18000,0,0,18000
7, ,01-2011-02-101-01-S00N-C-N-06-MEDICAL REIMBURSEMENT,Total,1,4029,0,0,4029
8, , ,"[TRVch# 46 Dt:20/04/2018] , Billno-SML000922018000005",1,4029,0,0,4029
0,Grand Total, , ,6,571773,37064,0,534709
1,SML00-092-SPEAKER H.P. VIDHAN SABHA,Total, ,6,571773,37064,0,534709
2, ,01-2011-02-101-01-S00N-C-N-01-SALARIES,Total,2,503000,37064,0,465936
3, , ,"[TRVch# 12 Dt:01/05/2018] , Billno-SML000922018000011",1,249000,9800,0,239200
4, , ,"[TRVch# 13 Dt:01/05/2018] , Billno-SML000922018000010",1,254000,27264,0,226736
5, ,01-2011-02-101-01-S00N-C-N-03-TRAVEL EXPENSES,Total,2,65100,0,0,65100
6, , ,"[TRVch# 34 Dt:09/05/2018] , Billno-SML000922018000013",1,36300,0,0,36300
7, , ,"[TRVch# 51 Dt:15/05/2018] , Billno-SML000922018000014",1,28800,0,0,28800
8, ,01-2011-02-101-01-S00N-C-N-06-MEDICAL REIMBURSEMENT,Total,2,3673,0,0,3673
9, , ,"[TRVch# 33 Dt:09/05/2018] , Billno-SML000922018000012",1,3160,0,0,3160
10, , ,"[TRVch# 78 Dt:28/05/2018] , Billno-SML000922018000018",1,513,0,0,513
0,Grand Total, , ,6,639930,36980,0,602950
1,SML00-092-SPEAKER H.P. VIDHAN SABHA,Total, ,6,639930,36980,0,602950
2, ,01-2011-02-101-01-S00N-C-N-01-SALARIES,Total,2,506600,36980,0,469620
3, , ,"[TRVch# 21 Dt:01/06/2018] , Billno-SML000922018000029",1,255800,27202,0,228598
4, , ,"[TRVch# 33 Dt:01/06/2018] , Billno-SML000922018000030",1,250800,9778,0,241022
5, ,01-2011-02-101-01-S00N-C-N-03-TRAVEL EXPENSES,Total,3,133042,0,0,133042
6, , ,"[TRVch# 58 Dt:12/06/2018] , Billno-SML000922018000031",1,79871,0,0,79871
7, , ,"[TRVch# 69 Dt:20/06/2018] , Billno-SML000922018000016",1,34200,0,0,34200
8, , ,"[TRVch# 86 Dt:25/06/2018] , Billno-SML000922018000033",1,18971,0,0,18971
9, ,01-2011-02-101-01-S00N-C-N-06-MEDICAL REIMBURSEMENT,Total,1,288,0,0,288
10, , ,"[TRVch# 59 Dt:12/06/2018] , Billno-SML000922018000032",1,288,0,0,288
0,Grand Total, , ,5,546409,36895,0,509514
1,SML00-092-SPEAKER H.P. VIDHAN SABHA,Total, ,5,546409,36895,0,509514
2, ,01-2011-02-101-01-S00N-C-N-01-SALARIES,Total,2,503000,36895,0,466105
3, , ,"[TRVch# 10 Dt:02/07/2018] , Billno-SML000922018000035",1,254000,27140,0,226860
4, , ,"[TRVch# 11 Dt:02/07/2018] , Billno-SML000922018000036",1,249000,9755,0,239245
5, ,01-2011-02-101-01-S00N-C-N-03-TRAVEL EXPENSES,Total,1,37800,0,0,37800
6, , ,"[TRVch# 57 Dt:19/07/2018] , Billno-SML000922018000038",1,37800,0,0,37800
7, ,01-2011-02-101-01-S00N-C-N-06-MEDICAL REIMBURSEMENT,Total,2,5609,0,0,5609
8, , ,"[TRVch# 58 Dt:19/07/2018] , Billno-SML000922018000039",1,2533,0,0,2533
9, , ,"[TRVch# 81 Dt:25/07/2018] , Billno-SML000922018000048",1,3076,0,0,3076
0,Grand Total, , ,4,668600,36810,0,631790
1,SML00-092-SPEAKER H.P. VIDHAN SABHA,Total, ,4,668600,36810,0,631790
2, ,01-2011-02-101-01-S00N-C-N-01-SALARIES,Total,2,506600,36810,0,469790
3, , ,"[TRVch# 11 Dt:01/08/2018] , Billno-SML000922018000049",1,255800,27078,0,228722
4, , ,"[TRVch# 12 Dt:01/08/2018] , Billno-SML000922018000050",1,250800,9732,0,241068
5, ,01-2011-02-101-01-S00N-C-N-03-TRAVEL EXPENSES,Total,2,162000,0,0,162000
6, , ,"[TRVch# 13 Dt:01/08/2018] , Billno-SML000922018000052",1,111600,0,0,111600
7, , ,"[TRVch# 39 Dt:10/08/2018] , Billno-SML000922018000059",1,50400,0,0,50400
